0 9.453189864547774
1 3.583131195351516
2 6.476330111903255
3 10.787359766948947
4 7.858649820169426
5 6.96842306941725
6 9.370093848599193
7 9.121798203683802
8 7.119518785412817
9 2.5428544444081287
10 3.222302224385821
11 9.21026088466664
12 10.518167741396422
13 10.93221183909194
14 7.674031550985451
15 12.568244584101812
16 7.928454024504301
17 5.50863695879549
18 8.818530308214973
19 6.941266118630921
20 3.586186709984803
21 8.481411981887062
22 8.680730556587493
23 6.804661671723277
24 5.572018756889138
25 6.176189896039716
26 7.12254535524735
27 6.504073439462878
28 6.019955331470376
29 6.398770203972309
30 6.952378976065921
31 2.3936904382125688
32 6.208273815982415
33 5.131642686967113
34 5.9033341195153515
35 5.857836911315848
36 4.731330175934641
37 5.829482622091431
38 5.2921914091744275
39 4.802586803227743
40 5.5464541047650355
41 3.9433175578082755
42 4.144007482495519
43 5.309283575812828
44 3.8872634778389297
45 3.555258810872456
46 6.435045910380125
47 5.370919216588078
48 4.009373138691215
49 5.278109263674035
50 3.4913033454445457
51 6.415203752851734
52 6.1089159402743505
53 4.373602681998288
54 3.0760555790402146
55 3.5211934251996437
56 3.7921850278640292
57 5.142759408871351
58 3.1027570070271673
59 5.812586984891285
60 2.952814052479458
61 3.6007819456012973
62 6.914394212121165
63 4.644187040618441
64 3.728015748749953
65 4.390124457814438
66 5.157404681247781
67 4.385990989693594
68 5.211458698192731
69 4.922322151631625
70 4.571214129278881
71 5.473182649683062
72 3.506248388568598
73 3.735829228225691
74 3.03621460438731
75 3.8221399376259733
76 3.8291324054575324
77 3.3892259195812042
78 4.2331775347474165
79 2.9455839010118714
80 3.425484740341366
81 4.677441179949527
82 4.2594456225467825
83 3.411547129811753
84 4.037022076909833
85 2.652543997791014
86 5.040802783804429
87 2.9265370217055127
88 2.8453620288670134
89 2.9806057365693146
90 2.6646839886974503
91 3.2930789532450184
92 3.0854290291791475
93 4.433842096767189
94 4.3553361752867366
95 3.000841281098306
96 4.156989154070693
97 3.651232371942651
98 2.372121727440435
99 4.747595747723716
100 4.458457323959753
101 2.9801541375731713
102 4.4968831070806115
103 3.8593702381431565
104 3.1872308917636447
105 4.395678632566686
106 4.538571816723976
107 4.361524748967229
108 3.5731242848104143
109 3.6011895762102584
110 2.0721838644211257
111 4.252932509301946
112 4.071174478149559
113 3.232948869513998
114 3.2790601340052916
115 2.4577130887929606
116 2.2618768206305475
117 2.895744168928024
118 2.4170739703359603
119 2.5370234404153624
120 3.535085625746892
121 3.6282170604718273
122 2.687100093236323
123 3.3568638802554793
124 2.621979951893851
125 4.023830880685559
126 3.0116711328518386
127 3.9679342584635986
128 4.75768410310566
129 3.2791738007021385
130 2.5123607244411135
131 3.0993050570096194
132 3.518615590495828
133 3.3626360847171806
134 3.7261735944165286
135 3.014718480829824
136 2.8008058359743613
137 3.136987005651841
138 4.559673059381714
139 2.768375394292235
140 3.538616335566136
141 3.808235640889838
142 2.140232694585488
143 2.2017428785182096
144 2.734652324403582
145 2.6327172191458885
146 4.611350931051135
147 2.533963082260968
148 3.19124206800217
149 2.591836961691265
150 2.28387640750978
151 1.8835914077180325
152 3.306710040586967
153 3.2058178747996102
154 3.195302080121376
155 2.340899416688634
156 2.534812273556202
157 3.1280368458075416
158 3.800773578113593
159 3.033330773678799
160 2.731044308061888
161 3.545272560626224
162 2.40254389399189
163 4.768554185381202
164 3.0450389474680284
165 2.923186075739027
166 2.144778086825393
167 2.586495450703163
168 2.2536384721467124
169 2.6396813586481023
170 3.0920538639110715
171 2.581915979046646
172 2.2286459884738896
173 4.203218996038251
174 2.031635264726214
175 4.228388105945135
176 4.458107292360116
177 1.78395707400588
178 1.8116890025573225
179 3.3126456751061713
180 2.6940049191395286
181 3.464186872733131
182 3.3123566369476025
183 2.5979010513876246
184 1.808650561439793
185 1.9431240701810402
186 1.9332512279494263
187 2.250595423788816
188 3.4335402523744936
189 1.7820169792225355
190 2.105503975171297
191 2.9680121711368495
192 2.988903896247514
193 2.6149471868550704
194 2.559981523049969
195 3.9498859733261646
196 2.159106579600731
197 1.7613404921523113
198 1.8155221243982762
199 2.9341465222046033
200 3.3131872646606753
201 3.0277923453871547
202 2.8107407115572913
203 2.1321574274365007
204 2.9243369442400517
205 2.3446545991068293
206 2.5767335841408725
207 2.4954219853569928
208 2.2905077164814247
209 2.984845662540338
210 2.50344794363048
211 2.382778508406953
212 2.4334244888323497
213 3.1679741979739435
214 2.4816940863317067
215 3.504074488535408
216 3.028456853823995
217 2.9424977524749396
218 1.8047540375990545
219 1.6002077358045288
220 2.390562872191161
221 3.245623458189504
222 1.6841057383955875
223 2.383409806385476
224 3.291291833638046
225 2.6437279379774674
226 2.228599490028232
227 2.451508387080209
228 2.454089426736742
229 4.152200317508407
230 1.8347394529379228
231 2.5872047047729154
232 1.8353713164826635
233 1.9949256640850934
234 2.0766937348656413
235 3.545346701507378
236 1.8336404033246936
237 3.2871728091300194
238 3.1907736702598695
239 2.301786522829296
240 2.4367964500154655
241 3.4160457060385787
242 2.170365957401965
243 1.973386915384631
244 1.4999625567746528
245 3.690985435811253
246 1.8540055931558854
247 2.1916773133767515
248 2.538750772737589
249 2.084121362935817
250 1.960749726778423
251 2.8425613070904667
252 2.5321914628804234
253 2.6611151116796035
254 2.680699245990029
255 1.6329391078345288
256 3.520278619554767
257 3.0513217203745255
258 1.5084370050726872
259 2.0635099148094196
260 1.7568663490744676
261 2.519082661144444
262 1.770569509596437
263 2.608452274062907
264 3.1997172260568436
265 1.5284570033125844
266 1.590755628780816
267 3.214931561574298
268 2.4823138882700073
269 2.7015409796915035
270 1.6677683239756156
271 2.410480399144149
272 3.0539396364601847
273 3.0341394514491777
274 2.4989245790313466
275 2.4936147310514207
276 2.5078901204444444
277 2.6251702447556675
278 2.4130375330966842
279 1.597773813470257
280 2.498281428312551
281 1.7603374489245556
282 2.8515670311166383
283 2.466957116460139
284 1.9613245647946274
285 2.0687362912158482
286 1.9559678998487406
287 2.2566612893739135
288 2.156511907059397
289 2.051912174814326
290 2.6015720285791026
291 2.6937035342737503
292 1.9526195289311659
293 3.222701243956645
294 2.399338867231249
295 2.829470434551381
296 2.1330911658873033
297 2.661591059476698
298 2.8634171036725378
299 2.6548680395634197
300 3.0139870527164483
301 1.6383138296699276
302 2.061116506054546
303 1.8949474465532756
304 2.2961704259644
305 2.825317575727697
306 2.1192158494414497
307 2.701732676235086
308 2.5687504533408925
309 2.310449715615824
310 1.74947647475242
311 2.4515398875913235
312 1.8322866419073585
313 2.6460748954234394
314 1.793445284600939
315 1.947926270476947
316 1.8216493358955017
317 2.3258838848554095
318 1.9194700649926535
319 2.0860709401080237
320 2.164579353824162
321 2.443052133042986
322 2.5068824152727003
323 2.1763079384961284
324 2.568108012748975
325 1.8269374535678473
326 1.8664465840598299
327 1.876739651367696
328 2.6044572002201987
329 1.7515798215488618
330 2.1123479733084114
331 2.16112315556863
332 2.102248953045196
333 2.4064418289968366
334 1.9572256910394805
335 2.1765067605600703
336 2.9266143482547475
337 2.1947780156649634
338 2.7928121601931677
339 1.6277750270742688
340 2.1509103218513834
341 1.9378914788526997
342 2.5461037727859432
343 1.5687833137883804
344 1.8657492205750215
345 2.32136458973509
346 2.7621552574319947
347 1.5301987044347196
348 1.9889167115935673
349 1.9790637683546883
350 2.1477457900223316
351 2.097664810976979
352 2.5170979569392875
353 2.06065209578487
354 3.1804904514732044
355 1.69674543905275
356 2.4920804059826582
357 2.623116596000019
358 1.896001569450988
359 1.637197647653387
360 1.9117376620255784
361 2.0291340280880608
362 2.249260835868535
363 2.0381329873283813
364 2.1487447587785025
365 1.9470584204381907
366 2.2182215016803584
367 2.3731065414440375
368 2.3425585265071676
369 3.0276436792227526
370 2.0581112184535897
371 2.4444004818803786
372 2.392032621341911
373 1.7538711690703628
374 1.909550965947052
375 2.487026243487157
376 3.1658104501863624
377 2.519453437339952
378 2.8360541697315504
379 1.7506286459471156
380 1.8925253663388117
381 2.582060127275363
382 2.629562462613864
383 2.922714313042689
384 1.8332026837057789
385 2.2786964338108495
386 1.9897230088515494
387 2.147098359504265
388 2.3736712185000317
389 1.6110686288651035
390 1.7594475924733368
391 2.6523270082178856
392 2.475682769159115
393 2.421369084606525
394 2.1554914923119526
395 2.422644077393633
396 1.8343288786194716
397 2.444336874148038
398 2.349322602124347
399 2.110217208976576
400 1.8408573643279071
401 1.7843044973008633
402 1.951801806602316
403 2.128661217077166
404 1.5458293387031978
405 2.106632676605236
406 2.6192695720172496
407 1.6606053800492102
408 2.2153096324850403
409 1.9120599802323364
410 2.4091339867648296
411 1.5024577361285845
412 1.7885361816499206
413 1.5549673756870253
414 2.704736687984526
415 2.137760759898307
416 1.6569594867546233
417 2.530971973356398
418 2.096164034361628
419 2.1861145081151934
420 1.9986405603017714
421 1.963670512430844
422 2.192540082785982
423 2.8495405638330187
424 1.6080927140011576
425 2.2495418837921415
426 2.289251904351965
427 1.6384184809758469
428 2.884510270271254
429 2.250532973971273
430 2.490797272500686
431 2.53822625024564
432 1.8939292703882877
433 2.535555124378459
434 2.498912826655399
435 2.576308583542642
436 1.6949996279556498
437 2.273452903896791
438 2.6206333704590143
439 2.460215977584374
440 2.3575147899108373
441 1.6217192734168895
442 1.6748986876724103
443 2.220928282808919
444 2.27705722575944
445 1.8670060124666041
446 3.0122673433757656
447 1.9116482914489257
448 1.9747114355527076
449 1.5643710088432141
450 1.9012585180588129
451 2.761316147811754
452 1.6552975352963801
453 2.511321075439231
454 1.7727860613811681
455 1.7672728623213345
456 2.213379866810819
457 1.8546567490205421
458 2.29261044546692
459 3.2744590947848264
460 2.675679527952513
461 2.0126943358609295
462 2.4065959769212952
463 2.553509273574658
464 1.9026709804825208
465 1.751044608885353
466 1.5556636416856087
467 1.7421172048656797
468 1.3013741423708933
469 1.6560107692339914
470 1.8264733794795256
471 1.833656137671388
472 2.2341151754734034
473 1.8843799714071863
474 1.9050724416611453
475 2.374631608265526
476 2.682866238987568
477 1.980174231458554
478 1.9886692060228464
479 1.8444716375065355
480 1.997992762955998
481 2.243275460837889
482 2.267861589910194
483 2.399288847598214
484 2.3268969368122727
485 1.9033017437424156
486 1.9197832145873868
487 1.8683199381988325
488 1.5744315200093246
489 1.8064234857898003
490 2.2874527444533563
491 2.161200061126358
492 2.314905399983664
493 2.762269470170312
494 2.762862110249422
495 2.37427501739791
496 2.8605061935129195
497 2.0032899446643815
498 2.388815224930666
499 2.4754208366371264
500 1.6016677843471454
501 2.21447904123725
502 2.080228010435943
503 2.3148119225454042
504 1.509411341083105
505 2.184916674304926
506 1.950717904861082
507 1.880037136488295
508 2.2919688001265834
509 2.198928732502586
510 2.1097402246820494
511 1.844018607302766
512 2.591512937861465
513 2.484308228722332
514 1.7308872538536273
515 1.395471823869923
516 1.7687320088936411
517 2.2308809201104896
518 2.2955384217856603
519 1.7252348041973484
520 2.011581394465455
521 1.8617091145554139
522 2.1798710895671918
523 2.3541617843009925
524 2.5004450324638627
525 1.7506734220251867
526 1.5448749359449714
527 2.540430823178311
528 1.8465991237030237
529 1.8626011994245788
530 2.225518719553398
531 1.6969368917394325
532 2.429204172663736
533 2.077081455881766
534 1.6646956192093278
535 2.117928497793545
536 1.9717332894896038
537 1.8452580384922688
538 2.091474582809232
539 1.8738809797014133
540 1.6047831486259843
541 1.9146054324148563
542 1.9254961791003433
543 1.8001111953798623
544 2.1605570804574876
545 2.2164693703948206
546 1.69165136596431
547 1.8803462782180458
548 1.570175937708371
549 1.8010937175940702
550 2.903919242481731
551 1.638491344104604
552 2.237425900692026
553 1.890782671449787
554 1.9607197026790866
555 2.384615819813188
556 2.6300474614820244
557 1.9977659465886717
558 1.6813214265079304
559 2.0698481681475416
560 2.5663528197360135
561 2.2932506282506284
562 2.3087120865596082
563 2.1959509192132067
564 2.0232689661289136
565 1.792497485997489
566 2.4916823879540044
567 1.9608575678648767
568 2.0882906492586315
569 1.4444230157969526
570 2.412447928376518
571 1.6830986352885124
572 1.6611366073717515
573 1.5332167050045415
574 2.012140095388177
575 1.9088127406868856
576 2.1407609193754706
577 1.9814872463781603
578 2.229827873618955
579 1.8318140913174
580 1.8327358736537076
581 1.9857108275386617
582 1.6776106579379821
583 1.659089207439494
584 3.4564200296321026
585 1.6526131505233672
586 2.535650198376067
587 1.7059330050154342
588 2.8932114124216026
589 1.6906315791396436
590 1.6114713518859234
591 1.7386734171801832
592 2.1199243009531763
593 1.7475814086829713
594 1.8927416367213399
595 2.064709557203673
596 2.05716118856737
597 1.8442807682513571
598 1.930766342584891
599 2.155905243725879
600 2.214545985705381
601 1.5802387896661827
602 2.0680352443510333
603 1.5052763981297623
604 2.0590812734419885
605 2.721891984550129
606 2.229031910347073
607 2.5050356641398963
608 1.4092376068135382
609 2.596027803802513
610 1.923480547427098
611 1.6136927469380913
612 1.7113564930087937
613 2.3087041294079564
614 1.6632086276171738
615 2.326117506129312
616 2.226591401143436
617 1.6722022074708724
618 1.484199703681496
619 2.2441243962099726
620 1.605887027618776
621 1.619553959349785
622 2.152432487680935
623 1.6323483042481737
624 1.5882551084368286
625 1.933854311802685
626 1.447285707718249
627 1.6844641712453614
628 1.6794304377860765
629 1.5484649648459
630 1.8145829200814425
631 2.1667808357472618
632 1.8518887641029766
633 1.882923637227968
634 1.7590782744138982
635 1.355775258803326
636 2.313460171715689
637 2.7443244819597625
638 2.0192851037242034
639 2.283902027648157
640 2.30348498342273
641 1.6923163226377749
642 2.0953351792003767
643 1.6785288673201952
644 2.0661016335434157
645 1.7604785422962856
646 1.772050892514397
647 1.7935966176985532
648 1.7273967877393421
649 1.7472996294177388
650 1.468786312946341
651 1.834291879750166
652 1.9489367519555731
653 2.0666636628666515
654 2.4459973553334606
655 1.6025779047979292
656 2.06006993671968
657 2.398589608781687
658 1.7034610858515595
659 1.647710278373331
660 2.002215244083879
661 1.545193646680719
662 1.8272975928564446
663 2.227395636874727
664 1.3688420746592667
665 1.9069698314761798
666 2.1222804082039435
667 2.027765475080411
668 1.9736781272776884
669 2.226915870587676
670 1.8451401477703429
671 1.4432953059268852
672 1.5321144988180175
673 1.858411124222496
674 1.815781575745364
675 1.6324173449184871
676 1.6823392484558009
677 2.0581346714860644
678 2.8013964094378574
679 2.2748408769160697
680 2.0464375293060764
681 1.937308065344535
682 1.5515396624600897
683 1.7938134077182666
684 2.014559049693682
685 2.181974800653933
686 2.114746384664296
687 1.4117927957991991
688 2.546845700231409
689 1.9354642134210502
690 1.9099351459432103
691 1.5860146030039475
692 1.7935674886901656
693 1.6109147639743395
694 2.0257894802421417
695 2.006014920752493
696 1.9930603400539966
697 1.9798310078898687
698 2.182463025129969
699 1.3382711793472764
700 1.7410995627170212
701 1.5153845035495794
702 1.682974910394265
703 1.745658128892424
704 1.7796360774481648
705 2.2640527841828844
706 1.5497853117592588
707 1.6129944949128463
708 1.8904742726597412
709 1.89799335353459
710 2.5976067369449716
711 1.623951342221198
712 1.908576393451816
713 1.861765489412548
714 1.7738108969575137
715 1.5362849990859027
716 1.5298473366131504
717 1.7700432224514233
718 2.345628027919984
719 1.5988013648655115
720 1.463440552021053
721 2.0664639311603836
722 1.8635310722319085
723 2.080156039588088
724 2.892416346282988
725 1.7816131768037393
726 1.6064746271723014
727 1.5795345077149396
728 1.6504715319991066
729 2.1413878308010768
730 2.983533095030674
731 2.0987627951548826
732 1.4997798668998534
733 2.156036580550808
734 1.5780632666158974
735 2.7046025139686845
736 1.9478355621229295
737 1.5580334656020507
738 1.3448639899028536
739 1.9622340646603667
740 1.8877382982178372
741 1.9020017345829123
742 1.7835610507455857
743 2.152323788545737
744 1.722336138114747
745 2.1968151795769746
746 1.6139931572425472
747 1.794866550438173
748 1.7451898775794321
749 1.554391387161521
750 1.6691025616664386
751 1.940035791663472
752 1.7491208070252187
753 1.690255423940121
754 1.7193224035970842
755 1.9796683978547724
756 1.882487665933117
757 1.58235301281508
758 1.759936018218495
759 1.9585767693430993
760 1.6875156197095558
761 1.7879755839040747
762 1.3814998907351987
763 2.059219384695594
764 1.7687561586800742
765 1.7322776405087508
766 1.5572002825843998
767 1.8528602784754495
768 2.0196629196629194
769 2.022465339590687
770 1.802192990919699
771 1.7667325287603204
772 1.8097137235782985
773 2.3086909582804047
774 1.473011812296944
775 1.4176362319640359
776 1.740333472482722
777 1.9977612879146893
778 1.7781178824017694
779 1.5502974562396044
780 1.693664946821442
781 1.8887890463848982
782 2.1635888744449785
783 1.9216439852563503
784 1.6393043485898233
785 1.6172602516535775
786 1.9116960229196769
787 1.762290219146808
788 1.7739324795730385
789 1.7143988053094494
790 1.8729200215870874
791 2.145610682920236
792 1.6343786178163935
793 1.7731453599315328
794 1.6535260716787095
795 2.232185163500952
796 1.5267382993816097
797 1.585780753740579
798 2.147475137133581
799 1.5741386655050091
800 2.2566550307929614
801 1.8727468176146669
802 1.9582429396206482
803 1.4899933687225153
804 1.8549957967230517
805 1.575690404706434
806 1.6303217243745611
807 1.4914867322909382
808 1.6208765465361452
809 1.5708525244860885
810 1.8981716180255108
811 1.5117961519780527
812 1.7834634250905887
813 1.789218449804363
814 2.3859426377379664
815 1.5721606373040036
816 1.727583412191974
817 1.8123559012559127
818 1.836702764468747
819 1.773221349288585
820 2.0928543978746816
821 1.4495220601854701
822 1.44758741629451
823 1.6632078256855745
824 1.7250539709983146
825 1.8638201026060122
826 1.9092038773994373
827 1.4684393610864197
828 1.519405971331948
829 1.7755321024241801
830 1.7282050334953372
831 1.5218997332749873
832 1.4851788546494151
833 1.698112368575766
834 1.6005496426313695
835 2.04077506526019
836 2.370834082827054
837 1.6355984312992715
838 1.8284923195139915
839 1.7110366959688834
840 1.9798577529979606
841 1.600043038811021
842 1.7458835188980564
843 1.637606673141569
844 1.5123599880203653
845 1.9958251891126653
846 1.6317504437938637
847 2.0082928011101386
848 1.6265390043124541
849 1.6792150376239219
850 1.777822602411191
851 1.4368386565527245
852 1.5454637708219683
853 1.4436511215284846
854 1.9006104482037571
855 2.071278628724893
856 1.2654665388126065
857 1.7328439818008712
858 1.474750530648833
859 1.6965654714227116
860 1.5850247267816926
861 1.8054861360930698
862 1.6242598666511712
863 1.565775623516251
864 1.4754435158161385
865 1.803819530033505
866 1.4260712950265866
867 1.8918410193841757
868 1.9728841545707878
869 1.9914502938066518
870 1.8474861660946447
871 1.8184659660085356
872 1.9799287508174013
873 1.7994636193711564
874 1.562127154142872
875 1.639756546275133
876 1.314960696220114
877 1.5920726492177897
878 1.7298806369800281
879 1.782102425999578
880 2.2110506351885664
881 1.5347369488985132
882 2.1109733898786933
883 1.4574798275188403
884 1.830994397758112
885 1.4948462932583741
886 1.9581341053803665
887 1.8605906191810555
888 2.191320774621988
889 1.628482937766435
890 1.7807357210803203
891 1.3341109994392963
892 1.8565683527651076
893 1.5161907663835046
894 1.5532952818803987
895 1.601316689270409
896 1.5779333291393374
897 1.8814051011208366
898 1.7684881980420877
899 1.5040651120590331
900 1.559798508865665
901 1.560645981698613
902 2.01181316194474
903 1.4443395826991612
904 1.6151905620441087
905 1.907797654804101
906 1.5568035697814087
907 2.115861529103938
908 1.391934606332354
909 1.7415458345922241
910 2.0939281355018258
911 2.225649663044765
912 1.7847943491325844
913 1.4784360959606362
914 1.3590061902085555
915 1.7849100641765219
916 2.3565500801271106
917 1.7993887795621615
918 1.5973528605509237
919 1.7496362059016244
920 1.5041751519768207
921 1.611425208518878
922 1.7781460169263554
923 1.6194922208996583
924 1.6714034467760437
925 1.907146450690425
926 1.645674596422678
927 1.6958893181618122
928 1.741599915415705
929 1.776857161224632
930 1.5686073802552511
931 1.5693051584302087
932 1.5904602681838553
933 2.0150747012937416
934 1.474149689319968
935 1.8211198380642908
936 1.8833225749151459
937 1.640129582247345
938 1.3360149202276597
939 2.0276832974549066
940 1.4741259133762197
941 1.5860191876927185
942 1.8793008294388132
943 1.3587814458101555
944 1.6191347462929941
945 1.7510844782737147
946 1.9343216988027412
947 2.042120787709023
948 1.56085133771104
949 1.8706624772592149
950 1.9549851234721844
951 1.6894288782334999
952 1.7061231309189564
953 1.7076141438467163
954 1.5708080130848567
955 1.8302913751134327
956 1.4870658002401111
957 2.156939394149748
958 1.771409997412917
959 1.564469011515911
960 1.7798332188335722
961 1.639674989939113
962 1.8195691461424754
963 1.7731582164926172
964 1.589191627204373
965 1.3457795902946716
966 2.306129508846415
967 2.2473009323220623
968 1.6062699931092395
969 1.7291722680392787
970 2.2144324243440123
971 1.6137636729862161
972 1.5831175086035678
973 1.640680298653515
974 1.9628054897511866
975 1.722467020313617
976 1.8217176699239128
977 2.1573303724107142
978 2.041491354689029
979 1.842352509931661
980 1.7307680664206333
981 1.812861235561579
982 1.6338647503864894
983 1.87654223613526
984 1.7324579780313587
985 1.9594996145246424
986 1.9175846884895886
987 1.8075773736067853
988 1.9144467259088087
989 1.919252223330834
990 2.3561997634244376
991 1.7413974685771119
992 1.8558849136492936
993 1.5395991317339008
994 1.495459050217555
995 1.616664993925546
996 1.6666722716754685
997 1.47195517073773
998 1.6676433690825685
999 1.5343821865827307
1000 1.9410480843121989
1001 1.67892274124554
1002 1.9248311906871054
1003 1.710658638746874
1004 1.5182289728925302
1005 1.6737346761763399
1006 2.075966829189759
1007 1.7139492670969199
1008 1.5629354513900289
1009 1.6572022939509945
1010 1.7580725634928303
1011 1.5792463425777883
1012 1.88700555574101
1013 1.6157478513608572
1014 1.6798865504509293
1015 1.621584681303351
1016 1.5786583261822895
1017 1.7878188101318568
1018 1.5155938293424414
1019 1.5410668019850648
1020 1.6478401206375948
1021 2.081952147759658
1022 1.5751034553361092
1023 1.5967329792925673
1024 1.731208264216976
1025 1.6963442873090875
1026 1.5453484454179531
1027 1.7230280593085145
1028 1.8446259679018295
1029 1.5432691802755287
1030 1.8523793796305594
1031 1.5074024304551088
1032 1.8802451535767062
1033 1.9768621045042298
1034 1.6961334039197817
1035 1.8630118849159096
1036 1.2885533644524352
1037 1.7569854590542238
1038 1.5988116801305865
1039 1.4699132727078799
1040 2.0855253242442995
1041 1.667643590703166
1042 2.2566685621403617
1043 1.416257950599106
1044 1.5732174516923092
1045 1.659603901215743
1046 1.5505193079910886
1047 1.4489287393892656
1048 1.8760884400838567
1049 1.5004078971396455
1050 2.0082949290373375
1051 1.4516590945241863
1052 1.9106435317768633
1053 1.3431672462696258
1054 1.53892814326877
1055 1.4951041125733977
1056 1.3808763926920595
1057 1.4755404746698408
1058 1.7518137909201452
1059 1.9756480277758373
1060 1.7829328904212802
1061 1.662607355747773
1062 1.548560363061172
1063 1.7517330670342877
1064 1.7536069606139857
1065 1.608301424659799
1066 1.723948632573041
1067 1.7299760288730877
1068 1.5525891363022803
1069 1.5416241598569087
1070 1.6651674151235
1071 1.4400952252472459
1072 1.3175601105632828
1073 2.062313794736395
1074 1.5685843292615118
1075 1.4761330846131684
1076 1.9170032047501309
1077 1.9979744312525407
1078 1.677806181849811
1079 1.7730713789889392
1080 1.5601582261042415
1081 1.6602697082986122
1082 1.5191699635239932
1083 1.5082020640320153
1084 1.757196355416169
1085 1.517252472419325
1086 1.7131515245038862
1087 1.3638997741164922
1088 1.8460893301537316
1089 1.787342486276243
1090 1.798892864687558
1091 1.71648415106694
1092 1.521575678793171
1093 1.5921804406149753
1094 1.7225680853153715
1095 1.5803534917703443
1096 1.8337634491097492
1097 1.641111641849053
1098 1.5646866683843403
1099 1.8482327497639486
1100 1.4437589122712842
1101 1.6321868859942992
1102 1.6998523364150568
1103 1.7278570124698622
1104 1.5413574420407026
1105 1.5134450922017868
1106 1.8088626015712326
1107 2.1189089204617235
1108 1.5900363486102027
1109 1.7550815933242911
1110 1.701903423467825
1111 1.877520117595986
1112 1.6131310454816494
1113 1.6722442193419873
1114 1.8926709054590232
1115 1.6143602443831275
1116 1.5304528747441126
1117 1.5006005141115
1118 1.7065809547809883
1119 2.0189217655551372
1120 1.5545816656110771
1121 1.5819944889625739
1122 1.5648987005505388
1123 1.4059360441452688
1124 1.4976926542232967
1125 1.5990209360571912
1126 1.772868314545549
1127 1.7108233171952905
1128 1.530309383598857
1129 1.5314682241934743
1130 1.4817126179612305
1131 1.7160236054246942
1132 1.4440053978468954
1133 1.566202302769656
1134 1.7243843481366867
1135 1.6088112183026486
1136 2.1726249847765198
1137 1.6088093356212616
1138 1.5284970569148908
1139 1.5630859462570204
1140 1.8841122739108944
1141 1.427461285126741
1142 1.9445779705431285
1143 2.0235798133642726
1144 1.5400810285503248
1145 1.6870755395155526
1146 1.4732183167762372
1147 1.4731682002961342
1148 1.640755923071164
1149 1.82133509009188
1150 1.4748221323203836
1151 1.4667550939497709
1152 1.7888615827038126
1153 1.4532918326700328
1154 1.3985830289644028
1155 1.5692509336244242
1156 1.8095752341122529
1157 1.759198655022063
1158 1.608495819786858
1159 1.77910599182368
1160 1.5656541557857344
1161 1.629506772717118
1162 1.639050315822126
1163 1.4242853551677082
1164 1.4934048389891128
1165 1.483924701369523
1166 2.1175649587644605
1167 1.7997067845964279
1168 1.5431295345657738
1169 1.4576126889147596
1170 1.6449919963077857
1171 1.5855155359326099
1172 1.9090492573022795
1173 2.228610902966933
1174 1.506422049871731
1175 1.5029698170926356
1176 1.616703988998786
1177 1.386450978537858
1178 1.4187070105264432
1179 1.6761174575852462
1180 1.5445906869811328
1181 1.5212841458083397
1182 1.6063290900950673
1183 1.5871978677882113
1184 1.7155325302384128
1185 1.948270187418543
1186 1.4021703574409619
1187 1.5304885756567623
1188 2.0978979922627468
1189 1.4556505933519082
1190 1.5085753817240735
1191 1.3848855465329017
1192 1.5498431102122128
1193 1.4435512801611872
1194 1.8767653666142108
1195 1.5215678842281493
1196 1.4561050061050058
1197 1.8790922998466786
1198 1.5869042406595244
1199 1.4294598676177621
1200 1.692537031989032
1201 1.4577697512807255
1202 1.5907417173692218
1203 1.5263490543455576
1204 2.043449482744812
1205 1.5813981371386152
1206 1.8532587030241732
1207 1.9931604849697748
1208 1.978500154815944
1209 1.5906279312287563
1210 1.5517282511090562
1211 1.2740598099620877
1212 1.4297508583274547
1213 1.2840949580451513
1214 1.7244131685308153
1215 1.5986362848787898
1216 1.7724009147575575
1217 1.5012895386347394
1218 1.4094275075574152
1219 1.5918294902502068
1220 1.2845571060176595
1221 1.6240209708547773
1222 1.4005816427509714
1223 1.6947369931073994
1224 1.6889126124420237
1225 1.8166205468185668
1226 1.6055681316419859
1227 1.7839499746039995
1228 1.723405901070928
1229 1.8438351250448664
1230 1.5668728287107876
1231 1.412652669809313
1232 1.3376961294851704
1233 1.6189173193343933
1234 1.3267563074109088
1235 1.3012316733183247
1236 1.6313903511282737
1237 2.036914180091739
1238 1.5308457050231827
1239 1.6298923519263226
1240 1.6837986778496383
1241 2.039429093752473
1242 1.394134764686727
1243 1.3173533423920418
1244 1.6557697211686158
1245 1.658454764080504
1246 1.607928740945392
1247 1.3554038846953436
1248 1.57172188997578
1249 1.789414031176045
1250 1.797087985832225
1251 1.6032370874515056
1252 1.5724175440927362
1253 1.7011420345304002
1254 1.6210125118232077
1255 1.4520559855884199
1256 1.7286395050340402
1257 1.422887075219549
1258 1.5780883195356878
1259 1.797371396215345
1260 1.5763933131425394
1261 1.9600171180367367
1262 1.6763640402397524
1263 1.4898541033610289
1264 1.3924165940697018
1265 1.5747340730068717
1266 1.4880955628296055
1267 1.4927821487614956
1268 1.4470961307600416
1269 1.466226478820504
1270 2.1107923883459208
1271 1.9054223050162027
1272 1.6490382177287755
1273 1.6003727875438403
1274 1.77663300751536
1275 1.6805242343905784
1276 1.555525533681287
1277 1.4303503234500003
1278 1.5339381170919737
1279 1.4893724607360306
1280 1.6671715732722718
1281 1.8995837690153192
1282 1.6667738951939706
1283 1.431081549502602
1284 1.6220283535662698
1285 1.8127749456425926
1286 1.711653705210494
1287 1.6766072421397737
1288 1.4322522734797052
1289 1.304887636273568
1290 1.565958842231491
1291 1.7843272561368129
1292 1.3825786530420503
1293 1.4763931580295275
1294 1.6887156130918306
1295 1.8733296985432804
1296 1.4764833354708795
1297 2.055829165674367
1298 1.3965082205702342
1299 1.5519588304649279
1300 1.6090821102065187
1301 1.5575216450216451
1302 1.3969948722622756
1303 1.3763044281426633
1304 1.3376373736629152
1305 1.5750902133760942
1306 1.5308194264017825
1307 1.9016789080452523
1308 1.6165363060428846
1309 1.6314186540924949
1310 1.2870543068730371
1311 1.609431003847512
1312 1.7728132883975525
1313 1.640860449912235
1314 1.5695811654855432
1315 1.297950189578549
1316 1.700627603532905
1317 1.4279914304143284
1318 1.6287904800238764
1319 1.4180894299600029
1320 1.389217443378258
1321 1.7507755191054708
1322 1.5206063789939157
1323 1.76521993041795
1324 1.3622180393297916
1325 1.522959193452552
1326 1.5054011868776591
1327 1.6783616479536556
1328 1.5381424131424133
1329 1.866327757766244
1330 1.7245781370840012
1331 1.3962641340301787
1332 1.6688433677574452
1333 1.4449466551594112
1334 1.7422432137263457
1335 1.4890478024802043
1336 1.503593007434974
1337 2.0116578237752947
1338 1.7777357845928108
1339 1.7820637386813856
1340 1.5477526830468011
1341 1.5010600900311633
1342 1.416898906506418
1343 1.601315059717743
1344 1.487719375520597
1345 1.8791862307923237
1346 1.5218128527912804
1347 1.5913897374577868
1348 1.5266830875338444
1349 1.5582137191206464
1350 1.9493951718216422
1351 1.490315806365313
1352 1.6213859462081723
1353 1.651302994643065
1354 1.3728637341795231
1355 1.8089851602337734
1356 1.7264540197468987
1357 1.6043174260172761
1358 1.604191816954975
1359 1.681874860503893
1360 1.5284717134717132
1361 1.7977477762014926
1362 1.5223851098044645
1363 1.4660691102299241
1364 1.8365072492007477
1365 1.9380215676676418
1366 1.4426536238789631
1367 1.5052409584386328
1368 2.024703804107829
1369 1.7279218451799099
1370 1.8990535635950923
1371 1.5667658471640982
1372 1.6928494328455628
1373 1.3754409820761606
1374 1.579798203922396
1375 1.4828695768934497
1376 1.5962452153628626
1377 1.9781034264541835
1378 1.9795376537237732
1379 1.766954425324105
1380 1.3806022848970882
1381 1.6558308087913356
1382 1.8167765011321095
1383 1.5502912603282732
1384 1.4857052869538996
1385 1.281614427077825
1386 1.6540807045344248
1387 1.6092749297826294
1388 1.7698550632374164
1389 1.401834014053975
1390 1.5760279820430199
1391 1.7964007736588385
1392 1.7276300697353326
1393 1.8410297544801175
1394 1.3949195175906048
1395 1.5071393096318146
1396 1.59751491049445
1397 1.983827392912164
1398 1.462824665729967
1399 1.4686194774939678
1400 2.0910033010081515
1401 1.6115425871167894
1402 2.127317315614779
1403 1.4352974180407356
1404 1.3627747002542085
1405 1.7863038740749253
1406 1.560917716659185
1407 1.6719404548576744
1408 1.7872900471690794
1409 1.807782076960748
1410 1.3800880719959667
1411 1.8461343180383427
1412 1.4635482908321968
1413 1.4645416254998465
1414 1.427972284280334
1415 1.7040738741351573
1416 1.3440342985726617
1417 1.83884811009424
1418 1.6364070317251127
1419 1.444723544544736
1420 1.3594197498513003
1421 1.695230662715704
1422 1.4637838052040837
1423 1.3814798891145839
1424 1.7938446833289141
1425 1.9974114174925952
1426 1.6916339543638215
1427 1.6365615197119845
1428 1.4889500213358358
1429 1.5500208103036326
1430 1.944614933396639
1431 1.4841497826689096
1432 1.6969046229650737
1433 1.7318025021360852
1434 1.5424490643243196
1435 1.4080183190822533
1436 1.5156260490245874
1437 1.970584677722202
1438 1.7008364773657132
1439 1.540766549632569
1440 1.5713405899966655
1441 1.341546947334423
1442 1.5079399172335242
1443 1.5780297317062022
1444 1.4731441237609872
1445 1.733257263032805
1446 1.3303000147427393
1447 1.5890041832930604
1448 1.5178046612257141
1449 1.5606134405047443
1450 1.5684638428020776
1451 1.6755133715872252
1452 1.4662659201847386
1453 1.6188368176300387
1454 1.355620446613347
1455 1.4412468101562255
1456 1.6540461680167562
1457 1.6153394019773322
1458 1.555630203775816
1459 2.1195267695267694
1460 1.5299391062757552
1461 1.521223086085811
1462 1.6880279568185288
1463 1.5898157479775124
1464 1.4652039845056566
1465 1.4901633299620913
1466 1.75013426042304
1467 1.6435578644198219
1468 1.5568761935634998
1469 1.4348014468469779
1470 1.6581960823340132
1471 1.4795251084060435
1472 1.5290856757374218
1473 1.6957119447690425
1474 1.6197404954226902
1475 1.4768027533922652
1476 1.454661281123504
1477 1.5299952375526034
1478 1.537490847602169
1479 1.52333816255791
1480 1.4427116939931888
1481 1.532677738927739
1482 1.528249779915739
1483 1.8508811291048128
1484 1.6745926152902892
1485 1.680385797777102
1486 1.3015087419038316
1487 1.3479175012474824
1488 1.444246928474859
1489 1.411404448091754
1490 1.5848519788997777
1491 1.446526579757918
1492 1.5329610828407225
1493 1.4936652328314801
1494 1.3270679946619797
1495 1.977808321311241
1496 1.6453292835716922
1497 1.4180874003454649
1498 1.4605525061043518
1499 1.6980825068684169
1500 1.3691361133222777
1501 1.3773769071349715
1502 1.5028814576608693
1503 1.6437615776181784
1504 1.6099434347014991
1505 1.7260123464032133
1506 1.571989050297874
1507 1.426014704108471
1508 1.4605997705997704
1509 1.361807812937285
1510 1.4487912205092979
1511 1.6092036016958615
1512 1.4027118152118148
1513 1.4100662917108397
1514 1.3867480998585824
1515 1.5984465314109344
1516 1.4631856868822373
1517 1.4088756783926628
1518 1.5157796221313213
1519 1.2817105236090958
1520 1.8856031929753159
1521 1.7230547298012313
1522 1.5247636016078636
1523 1.4674572366889853
1524 1.277027964352445
1525 1.3901689197741829
1526 1.6358421637738805
1527 1.4107102551293869
1528 1.4649327485291064
1529 1.457914054824207
1530 1.4080810173695055
1531 1.7261212006793984
1532 1.4262588237588238
1533 1.6915382171264524
1534 1.653022094566004
1535 1.4594364635536574
1536 1.4292136272504894
1537 1.3501095302479829
1538 1.3082376013565766
1539 1.6114574083324087
1540 1.4830017911748292
1541 1.7598253786640514
1542 1.501056114225527
1543 1.4141006403841916
1544 1.6538567163190967
1545 1.3942449716162637
1546 1.5117185470679497
1547 1.626242010065539
1548 1.4022888419635835
1549 1.5486705467117838
1550 1.4693024878442549
1551 1.7159314991972188
1552 1.5989041851900945
1553 1.5188065435568676
1554 1.6772786171260055
1555 1.3530829218510179
1556 1.489166671037044
1557 1.4002650822683353
1558 1.606676631927721
1559 1.6132260569331507
1560 1.755712003329547
1561 1.4553043025709096
1562 1.5382795124174433
1563 1.5089311009945126
1564 1.5716887997884765
1565 1.5067659576294723
1566 1.5950184183707343
1567 1.5838620702908552
1568 1.5878481296824953
1569 1.523903651444599
1570 1.3936752618546862
1571 1.549805773614144
1572 1.4470573846231736
1573 1.64613025471708
1574 1.5254538830671704
1575 1.7994985291082595
1576 1.3569881627282387
1577 1.577088612214128
1578 1.5022335253153851
1579 1.7027192584953175
1580 1.468208936792528
1581 1.3546525374081342
1582 1.5095372601254953
1583 1.4311854968740145
1584 1.5407352941176466
1585 1.454897719476827
1586 1.719060680698612
1587 1.603417255866049
1588 1.5602385031198773
1589 1.319482543387657
1590 1.5709657336956004
1591 1.4970325762098116
1592 1.4682075959451997
1593 1.4575079522214829
1594 1.5739335612787622
1595 1.5189789838942491
1596 1.392658290506251
1597 1.5015026300330323
1598 1.405607465027916
1599 1.6562809467221227
1600 1.526131391774986
1601 1.5644660574033635
1602 1.5000473080159493
1603 1.39539733127808
1604 1.5746720628299578
1605 1.5265013541434793
1606 1.467720304408802
1607 1.4620270789897507
1608 1.4565961019236622
1609 1.4937240783734473
1610 1.491485637430085
1611 1.6462372055740535
1612 1.880872207887971
1613 1.6005551846651276
1614 1.601266139774204
1615 1.405338760110432
1616 1.6894179894179895
1617 1.5315221027682322
1618 1.5205228775778163
1619 1.4665322539987493
1620 1.33133018255915
1621 1.5599511968468456
1622 1.5603501274553908
1623 1.4776493682066807
1624 1.467718855218855
1625 1.29241477758212
1626 1.938728800086852
1627 1.4808785039488117
1628 1.6412990235570877
1629 1.5135916516078223
1630 1.5861746705115185
1631 1.5653190564767745
1632 1.3250538039947533
1633 1.562771877245561
1634 1.6946700358465066
1635 1.379360699114023
1636 1.476944243022405
1637 1.4536296356149294
1638 1.5599683672761002
1639 1.5632344431903138
1640 1.941921036515926
1641 1.5001817790121263
1642 1.48866723039677
1643 1.7256800771049945
1644 1.6455854087433037
1645 1.365867871162151
1646 1.3700543354452175
1647 1.6946190911991188
1648 1.261822776505428
1649 1.5617933608023122
1650 1.455511643480782
1651 1.4043622477945297
1652 1.5803732878159527
1653 1.3917737008709525
1654 1.4466683226429962
1655 1.3503669048134992
1656 1.4256442118141202
1657 1.2556314352019071
1658 1.5201830740692888
1659 1.7721206305703112
1660 1.5977852418597749
1661 1.6131696360177772
1662 1.6210727662430453
1663 1.611387631975867
1664 1.6076894928793664
1665 1.3792655658754729
1666 1.5305997353259013
1667 1.754074337211974
1668 1.4245039564777175
1669 1.405833076290803
1670 1.4941918446713842
1671 1.4821812998090087
1672 1.5416224154485627
1673 1.3791852623281673
1674 1.523456758628194
1675 1.4721151579160732
1676 1.470444546056545
1677 1.4038032966831135
1678 1.4006878928514501
1679 1.506589851779725
1680 1.4628086892962933
1681 1.279173855158549
1682 1.7612102514435297
1683 1.3878952766023702
1684 1.380028746001042
1685 1.5205076849651415
1686 1.5372221372551107
1687 1.8242126723337355
1688 1.4302169727523313
1689 1.4196769524854076
1690 1.3879382567557503
1691 1.5590274921157272
1692 1.442438944793484
1693 1.455600684718332
1694 1.6359904049339034
1695 1.4949549373534228
1696 1.514976839752382
1697 1.4794280950716887
1698 1.4427978909329289
1699 1.5231125636617626
1700 1.4499560080442435
1701 1.4394438087973553
1702 1.4607345850326525
1703 1.537472310111629
1704 1.3420384679192172
1705 1.6174225758618246
1706 1.6471139681861942
1707 1.6053637283714282
1708 1.5268306318840643
1709 1.5671414614487724
1710 1.5389819249610102
1711 1.7066649685282962
1712 1.4721116359274253
1713 1.8751911924181026
1714 1.8504709701971362
1715 1.4679895152611868
1716 1.6089736089736082
1717 1.5864357380222955
1718 1.7069019537196972
1719 1.5878015702463921
1720 1.4376790506327706
1721 1.4200636533117348
1722 1.6153031179346968
1723 1.5619070609473087
1724 1.7743169715431715
1725 1.5389090351512955
1726 1.5185065461964196
1727 1.3835314074940226
1728 1.8038405797487704
1729 1.478837249426228
1730 1.5770840090947584
1731 1.4324115833118984
1732 1.5455298642369577
1733 1.6185896949054843
1734 1.6686348373848379
1735 1.3876038766651537
1736 1.5826635046032935
1737 1.4487115945629876
1738 1.4413440384977154
1739 1.5329931011706606
1740 1.3679553424219901
1741 1.665996406694081
1742 1.552522680943397
1743 1.4715146793037346
1744 1.4901397032532704
1745 1.4810755658054113
1746 1.5485449492028442
1747 1.400973839828329
1748 1.348360228302754
1749 1.315500566680118
1750 1.7287572658136385
1751 1.4168458944068962
1752 1.362401690241312
1753 1.7034138851319833
1754 1.5887100398505134
1755 1.4305182662069318
1756 1.5749819208455218
1757 1.5378564947214826
1758 1.430509590098719
1759 1.6456963358279146
1760 1.5628243760092109
1761 1.3923848289055585
1762 1.3574243659304959
1763 1.6049953967601027
1764 1.3227146428349839
1765 1.6153571766430868
1766 1.378576841113402
1767 1.3081439057356805
1768 1.5345662134874183
1769 1.6064575620457973
1770 1.5089918407088558
1771 1.305655626985934
1772 1.5151416343453545
1773 1.472245860508056
1774 1.3994469939969765
1775 1.403692567488548
1776 1.567238133552375
1777 1.2719327431827425
1778 1.6260733855344145
1779 1.2813339414228646
1780 1.5172174560332452
1781 1.2662978516697128
1782 1.363484397314188
1783 1.3908958820345219
1784 1.448008925647686
1785 1.5257609248988557
1786 1.5272276015802535
1787 1.388849094804977
1788 1.4912842258990207
1789 1.4896045525098538
1790 1.318744753409
1791 1.425622629434549
1792 1.4497022168893468
1793 1.3256792955102894
1794 1.3989862990774844
1795 1.5840178812519239
1796 1.6367066700145665
1797 1.5112275173227188
1798 1.3512233767264727
1799 1.3777188351253193
1800 1.4728688219992565
1801 1.664985062557528
1802 1.6493884332042228
1803 1.4308490239800735
1804 1.6317463122466185
1805 1.519702694583962
1806 1.4807873993269172
1807 1.5942201299982386
1808 1.5611254576453106
1809 1.5230244414454939
1810 1.6304455547133663
1811 1.5014516067660082
1812 1.3325468895985328
1813 1.5911053124959604
1814 1.5353185581301296
1815 1.5843877760498655
1816 1.7057406673785982
1817 1.6524255245185482
1818 1.5035067291471467
1819 1.4889071918748997
1820 1.6777975363653113
1821 1.4969248184618205
1822 1.5311684860460604
1823 1.6863787674313993
1824 1.604938714386389
1825 1.4689430042574054
1826 1.4864483646611824
1827 1.4770988484804273
1828 1.6522503207623969
1829 1.5394447600329948
1830 1.4791919341044606
1831 1.4385368881254768
1832 1.4842552332979633
1833 1.5335903023573187
1834 1.2180391396874055
1835 1.5748737373737374
1836 1.5305950550631404
1837 1.5574476540135436
1838 1.4833134442835676
1839 1.4812736040002434
1840 1.3735854423354426
1841 1.73705412521202
1842 1.4285145258298473
1843 1.5813089405406893
1844 1.384276567160009
1845 1.46346905413191
1846 1.5451736660293045
1847 1.4880413546435218
1848 1.5524371224288571
1849 1.3054182511476524
1850 1.509117416422919
1851 1.4002159386794695
1852 1.4164553394110782
1853 1.2431146180510635
1854 1.4816577663182886
1855 1.4182184108461198
1856 1.5736468352847666
1857 1.5065085672492222
1858 1.5008878447577985
1859 1.5483681666570983
1860 1.4573533394553335
1861 1.5216064765987367
1862 1.6257621582314434
1863 1.5679457004584885
1864 1.600441824257614
1865 1.3550364180251018
1866 1.4268529449537242
1867 1.408687541765346
1868 1.4888895391888408
1869 1.6082030606058064
1870 1.46810545081821
1871 1.376796331653441
1872 1.455211345671872
1873 1.518511038720094
1874 1.3528214375095895
1875 1.3972524656577359
1876 1.4186546755485794
1877 1.4620019612734898
1878 1.44590156270975
1879 1.524321301491764
1880 1.5101686033264978
1881 1.5833291327596761
1882 1.4460837356657792
1883 1.6541356287522333
1884 1.5272493473939557
1885 1.5005788564081097
1886 1.53242945564927
1887 1.5150241268944877
1888 1.543166424062119
1889 1.3547386501846082
1890 1.4790379228614525
1891 1.6907925407925404
1892 1.4511290457892339
1893 1.5554096999266838
1894 1.4676683741881864
1895 1.6368237980186198
1896 1.486560929890183
1897 1.4382193238952228
1898 1.523663273001508
1899 1.6049742255624606
1900 1.475180862498802
1901 1.4897054515436867
1902 1.3357365800936063
1903 1.6776758067802842
1904 1.438942464665395
1905 1.4612246510614766
1906 1.3713072517629907
1907 1.6142464956905034
1908 1.4884062365478374
1909 1.4878596651357123
1910 1.2383621217165859
1911 1.4262845777896591
1912 1.4480038005796687
1913 1.4885847467746811
1914 1.4262646158509198
1915 1.5449731028775147
1916 1.4963256330429004
1917 1.4652064514197431
1918 1.561553715025112
1919 1.5611655587274782
1920 1.5902601565101564
1921 1.5058517655011343
1922 1.5355889076437692
1923 1.4425823523513015
1924 1.518737160092729
1925 1.5566145999969525
1926 1.3651280357864362
1927 1.4486720308207977
1928 1.4564784171670826
1929 1.3553991996545056
1930 1.5339066239873347
1931 1.5197816940541395
1932 1.4763352826510725
1933 1.4844995706290431
1934 1.5228656276021328
1935 1.7283471788008993
1936 1.3523366395453524
1937 1.57051890919538
1938 1.3767175946713146
1939 1.467303137822913
1940 1.4001950975831132
1941 1.3235187533369577
1942 1.5362814250109331
1943 1.4720406902135061
1944 1.4063530853562705
1945 1.463498066344366
1946 1.4603233064245376
1947 1.5186304195955778
1948 1.4914964647745736
1949 1.2842334043092722
1950 1.519631064789332
1951 1.5570887972786704
1952 1.5573466927748776
1953 1.3959036440183983
1954 1.4198901768777543
1955 1.4663047945603727
1956 1.4454314310203178
1957 1.503053605767409
1958 1.43586989805415
1959 1.5384811145061947
1960 1.595755678013743
1961 1.5177388319669844
1962 1.4158904391102531
1963 1.4595270734923238
1964 1.4401093545830386
1965 1.367492314497761
1966 1.376965042896006
1967 1.309263107456005
1968 1.5096864692333691
1969 1.5078478961341513
1970 1.4664301503700234
1971 1.3933812732467583
1972 1.516416262266513
1973 1.528827215143004
1974 1.6856147722246795
1975 1.4293316587143874
1976 1.4258183845140366
1977 1.5386317454518101
1978 1.445303808915424
1979 1.4256454432698202
1980 1.453851635001761
1981 1.4766049145579458
1982 1.5342945861328214
1983 1.4464661362306919
1984 1.4208192676132092
1985 1.5310002073159963
1986 1.3830069298246737
1987 1.4823930455509395
1988 1.3089581143419864
1989 1.5030835791705357
1990 1.5864522603299693
1991 1.492653746549418
1992 1.493413039441815
1993 1.4089541952053328
1994 1.4130751729909252
1995 1.495434790322225
1996 1.4661283030386805
1997 1.407886651883759
1998 1.5857560560856547
1999 1.4623909137869089
