0 61.499722015182115
1 1.839452721351841
2 1.5904969038994876
3 1.928781370437898
4 2.0695485110470706
5 2.146779773936228
6 1.7528818443804033
7 2.2754244862880326
8 2.302881844380403
9 3.170037214141572
10 1.196491030695129
11 1.0028818443804035
12 1.0028818443804035
13 1.8213325477060427
14 1.9293570633478823
15 1.0028818443804035
16 1.2942896444500855
17 1.7318351408259596
18 1.0028818443804035
19 3.3640881217631504
20 2.0952588086613915
21 3.5499299561362614
22 1.5745825510811104
23 4.0704678531428815
24 1.7320475133270201
25 5.19651720098991
26 3.347805455742197
27 1.2158057484333398
28 1.828963992366576
29 1.9333713467814817
30 1.55910508875253
31 2.2404230511316032
32 1.5212731752717343
33 1.5028818443804035
34 1.1055669502908247
35 1.0862151777137368
36 1.704408095906655
37 1.0028818443804035
38 1.4539866611828944
39 1.609040398601362
40 2.8861626389909385
41 2.8860781200689374
42 1.5028818443804035
43 1.0028818443804035
44 1.2766608431594022
45 1.438197637828082
46 1.3359477980345924
47 1.3362151777137368
48 2.109200906363716
49 2.2028818443804035
50 1.416603741336596
51 1.4823137509222841
52 1.2028818443804035
53 3.004576143080425
54 1.4159073763812673
55 1.3536791548110132
56 4.270281612094646
57 1.6388819352717985
58 2.724102679430099
59 1.685341166741402
60 1.1626217991816636
61 1.2617053737921682
62 1.9036421244416224
63 1.1121555685444962
64 1.5343427669703584
65 1.3700265834709178
66 1.321151556588069
67 3.758319300923077
68 1.7652518273386213
69 1.3294196513799146
70 1.1139929554915147
71 1.3639929554915147
72 1.7503180034836214
73 1.5358333451388095
74 1.0028818443804035
75 1.3959781994618843
76 1.2673745980035918
77 1.5964839786802123
78 1.8584373999359594
79 1.2070554661883812
80 2.1895279711581086
81 1.6695485110470702
82 2.4986580542222354
83 1.4823137509222841
84 1.7193788026932182
85 1.5615581783842445
86 1.4192811313679254
87 1.5035299195021627
88 2.552469915836514
89 2.10704851104707
90 1.3362151777137368
91 2.302881844380403
92 2.0494531469091237
93 1.676035080033639
94 2.07203046302864
95 1.8362151777137368
96 1.5822469237454826
97 1.447326288824848
98 2.3807160874428774
99 2.26778720046223
100 1.8796086122362032
101 1.984884485436438
102 1.4910094030961973
103 1.3612047398463551
104 2.0527958893916143
105 1.4444011489621125
106 1.303807166552599
107 67.38673648321598
108 1.6940961855947447
109 2.2433932617668018
110 1.5778818443804035
111 2.435811311713895
112 1.3153818443804035
113 2.2072565252668026
114 1.0028818443804035
115 2.8214566304474484
116 2.10240901139983
117 1.3728110794753983
118 2.436068070899239
119 4.591270402949513
120 1.3591185900908334
121 1.674709755358001
122 3.385544566391234
123 1.4801083551705863
124 1.416777837560284
125 1.0528454631046336
126 1.3960488081356024
127 1.9900007439993028
128 1.7453388302822805
129 1.3949411538310172
130 1.9860342239212818
131 1.5207140122125713
132 1.7411462850896653
133 2.0498000012751483
134 1.4962779662701213
135 1.618394109892669
136 3.651851379812891
137 2.478902942305525
138 1.0653818443804035
139 1.4989135904121496
140 1.5839205554113744
141 1.8819851085120454
142 2.3451449549791965
143 2.7835057955925895
144 1.9535994875903064
145 1.3362151777137368
146 1.4278946317220567
147 1.7528818443804033
148 1.8590349129037778
149 1.9543247427273263
150 1.860466643094234
151 1.3701895366880956
152 1.3399188814174408
153 1.026137658333892
154 1.1695485110470702
155 1.3950387071255015
156 1.6150492822057356
157 1.5862151777137368
158 2.0546838737283406
159 1.6839723324830869
160 1.1278818443804035
161 1.7143870209262277
162 1.4714492848518685
163 1.3460310786586702
164 1.0741584401250845
165 1.3647521593079937
166 1.4195485110470702
167 1.6700826990812583
168 1.611364730254594
169 2.5601698372725017
170 2.9554249277416083
171 4.540484202811042
172 2.526630020146667
173 2.577651146288064
174 1.73204851104707
175 2.9209142205010146
176 1.38341806315564
177 2.1092633713501656
178 1.7483673229541175
179 2.0028818443804033
180 1.9814596208273627
181 2.0695485110470706
182 1.66954851104707
183 1.058437399935959
184 2.096945188443747
185 1.9298973941378517
186 2.5033343933774246
187 1.768869388479066
188 2.825399134663007
189 1.5343427669703584
190 1.3394831515699461
191 1.0976399088965325
192 2.300500891999451
193 1.7112151777137368
194 1.9152739489141368
195 1.8584373999359594
196 1.5208623600700408
197 1.9862970402955993
198 2.506851831210652
199 2.6945596609716844
200 2.9979361456502795
201 1.3778818443804035
202 1.3695485110470704
203 3.1688835656134566
204 2.0315761709439126
205 1.2028818443804035
206 1.2881382546368136
207 1.0295912460898051
208 1.1275390128323637
209 1.0028818443804035
210 1.0028818443804035
211 2.0062285840764313
212 1.6064959469823692
213 2.6551306986784735
214 2.281344944747528
215 1.0028818443804035
216 1.1278818443804035
217 1.5906614482890395
218 1.8584373999359594
219 2.0862151777137368
220 1.3389624304609897
221 1.2190402491373278
222 1.5797087483608143
223 1.6459311866410067
224 1.8940098214575087
225 1.9001724622592566
226 1.8709914093939932
227 2.507210277385307
228 1.2617053737921682
229 1.3817521893797808
230 2.9121955698705992
231 1.9657943947916183
232 1.719063072727268
233 1.5028818443804035
234 1.0198309969227763
235 1.194395885894445
236 2.427686044072441
237 1.4823137509222841
238 1.7732009893095846
239 3.5582303703789764
240 1.1526144647012593
241 1.2528818443804035
242 2.1116888360565778
243 1.9764013803999394
244 1.5028818443804035
245 1.4367053737921682
246 1.5310693506401136
247 1.3298049213034804
248 1.7080720294603127
249 2.224928651796393
250 1.1065260580360585
251 1.8662573577559167
252 3.378559791294623
253 1.447326288824848
254 1.8067802081684108
255 1.2528818443804035
256 1.5028818443804035
257 1.717643757275379
258 1.6174958164567816
259 2.302881844380403
260 2.0006621081143834
261 2.572742107032621
262 1.3389624304609897
263 1.6259300380168324
264 1.5778818443804035
265 1.9222473920476013
266 1.8660264428941848
267 1.0617053737921682
268 1.2753649783828058
269 1.5801219877495791
270 1.3682517909860479
271 3.6691426113372545
272 2.7296415961145417
273 1.8584373999359594
274 1.5772107525984622
275 2.0695485110470706
276 1.4702023325776303
277 4.0179742917754275
278 1.9890613511481452
279 1.074310415808975
280 2.9454103061146015
281 1.9688367228352819
282 1.5028818443804035
283 1.4373092385264679
284 1.979947833946393
285 3.127684295389533
286 1.3362151777137368
287 1.0028818443804035
288 1.0565083366054155
289 1.1867053737921682
290 1.3170963179300599
291 2.530373698963146
292 1.0028818443804035
293 1.3153818443804035
294 1.1849331264316856
295 1.3714688770629784
296 1.6259300380168324
297 1.5568837276751486
298 1.2867602413244956
299 2.090784038240016
300 1.2889707353605988
301 1.541343382841942
302 1.9311590156354532
303 1.7907131538878756
304 2.9761152901108088
305 1.041343382841942
306 1.8584373999359594
307 1.4700535615521206
308 1.8842713691760549
309 1.618394109892669
310 2.2124819664805253
311 1.3021746811732402
312 3.761566520557338
313 2.513145667532763
314 1.5294310055821356
315 3.1403305339574774
316 1.0798049213034804
317 1.3129987605711735
318 1.3027612571871119
319 2.10704851104707
320 2.3667415756314387
321 1.1450387071255017
322 4.509335564175332
323 2.484404077475208
324 2.4759057813535947
325 2.1953334378582845
326 2.2503726705476996
327 1.4195485110470702
328 1.8584373999359594
329 2.9219064556350873
330 1.7269049649569175
331 1.7222403364913472
332 2.683352588337951
333 1.5517847388715331
334 2.0915704474778125
335 1.0028818443804035
336 1.0673745980035918
337 1.8149239689225278
338 1.2148274764158231
339 2.852152899145478
340 1.2254500169485758
341 1.2836916555963933
342 2.1286353401149745
343 2.2943601158509344
344 1.3725416999624267
345 1.492948544349705
346 2.453289125745102
347 1.4327760242745837
348 21.954126969256944
349 20.135770194952293
350 4.537088666857345
351 55.99916809094828
352 37.10745087718032
353 1.0845959595959598
354 1.3800505050505052
355 1.3300505050505051
356 1.3800505050505052
357 1.75731843784826
358 1.4217171717171717
359 3.3325388141121595
360 3.42608896454082
361 3.1825670698062494
362 5.590154651985783
363 2.922661865866873
364 1.6396692702828068
365 4.148296658281366
366 6.915746894764799
367 3.3940633594169927
368 3.2616338042099517
369 2.589266974620266
370 2.9789128360774733
371 5.486159114086599
372 2.6422086901917528
373 3.1376562799958596
374 3.2932228281102778
375 1.527599119181977
376 2.966117530066058
377 1.2712115182794992
378 3.8371406390174294
379 2.40947724535427
380 1.2311024551254706
381 2.674254461629512
382 3.590335488411239
383 2.0896890315027683
384 1.7210809894844583
385 1.3676236044657095
386 1.3715830673696214
387 2.1488683171304412
388 1.6760663256967945
389 2.1258657449899383
390 1.5464114832535885
391 1.5636048558773012
392 1.810787517517367
393 1.2000243156951829
394 2.412895728764923
395 1.9196438064859123
396 1.5834966203387255
397 1.000956937799043
398 1.8086754303888404
399 2.1533443882909467
400 1.4221644240365103
401 1.9082555664945429
402 2.502413233674196
403 4.351997176865796
404 1.000956937799043
405 1.4952358813528555
406 1.4686676610299507
407 2.0526616992268742
408 1.5868376211155204
409 1.3863873644830673
410 2.3552656295086014
411 2.8543596646351794
412 1.3551971367996294
413 1.7580663852537057
414 1.4266128750929115
415 1.3750489474842729
416 2.3294050934536266
417 1.4954731517056739
418 1.8283951217383088
419 1.5854031034774043
420 1.6149067529325538
421 1.2022422320036346
422 1.8462227815758947
423 1.492858228229745
424 1.899073099786916
425 1.9544890318071597
426 1.4441215343604457
427 2.2968319124414234
428 2.286417976677414
429 1.5464928688001878
430 2.026283387943559
431 1.0917335208336905
432 2.747671178729955
433 2.108975945613606
434 2.0206445930537247
435 1.5774418916389408
436 1.3919382645438334
437 1.7562802473377945
438 1.6389079650898155
439 2.10056847065512
440 1.9753572786302016
441 1.8863104731525784
442 1.7284992784992783
443 2.09764476312215
444 1.7295565735347713
445 1.6089662469725075
446 2.2842775601621135
447 1.9481641624697887
448 1.7046174112083547
449 2.0694476532777286
450 1.9540913546729988
451 1.411830751996002
452 2.0418493418059214
453 2.218803020961157
454 2.1546731706235196
455 1.573178760112625
456 1.5561264540498327
457 1.7221637974050896
458 1.270131213567692
459 1.6704746512166886
460 1.4731563805874646
461 1.8304845286425122
462 1.4938687787536409
463 1.8950472109499534
464 2.105276937774521
465 1.8021834890255943
466 2.6438388018529384
467 1.7257311818621464
468 2.183674523637916
469 1.682771091547695
470 1.6371252004208292
471 1.340630641288536
472 1.3326194159891467
473 1.2920886710360393
474 1.5860299899194596
475 1.5361520779088036
476 2.4639027470812556
477 1.9578308331000152
478 1.9823363566744612
479 2.43631039394098
480 1.5121401120544005
481 2.3712091014959875
482 1.2195867626103234
483 1.9591106275178176
484 1.3254108811540626
485 1.697693008685464
486 2.205642621563337
487 1.9662880991572815
488 1.7509569377990428
489 2.069944407007926
490 2.0988014169379436
491 1.4107500143093
492 2.6010559212905546
493 1.3895993840157352
494 1.343582958276348
495 1.9986817783054125
496 2.2283239258638234
497 1.9027675953311625
498 1.6151425321226065
499 1.6675117245560835
500 2.9481602069700417
501 1.5682013281910892
502 1.6910723779144832
503 2.521005817104701
504 1.8676682319222435
505 1.9604768350285486
506 2.058152408168757
507 2.0226389757209375
508 1.0751931646333612
509 1.5583415396313194
510 2.1640172422294985
511 1.6959054005375713
512 1.9567763898164168
513 1.5009569377990428
514 1.6126259987179594
515 2.651224176092769
516 2.1620680489101542
517 1.1106745149079242
518 2.5749037657989895
519 1.7846329356378738
520 1.0848385167464114
521 1.8044599071688072
522 1.926794105649002
523 2.015853227988124
524 1.2120411751990696
525 1.2559515175719147
526 1.8026079271288185
527 2.5219517430125125
528 1.3695068128636851
529 1.9974215842636898
530 1.4443767672390249
531 1.814789520381626
532 1.5842902711323763
533 1.7722461118097184
534 2.171732296339053
535 1.8926783808578618
536 1.660672222514328
537 2.2103467394090996
538 2.7029746637137113
539 1.5714581685943911
540 1.581675926567038
541 1.7483734102155157
542 1.7980638730394591
543 1.4467444835865888
544 1.3170977218975735
545 2.5899089004964715
546 1.7725696493683347
547 1.47531859035837
548 1.8148917741314319
549 1.2753729770800768
550 2.423012557666899
551 1.0723855092276144
552 2.2810709969260516
553 2.3073425783783765
554 1.5276865631842664
555 1.3027136680821219
556 3.4332553717469247
557 1.4454013822434875
558 1.78775867987693
559 1.5471850600352295
560 1.758256000655187
561 1.8881111911319728
562 2.292433587039664
563 1.5799493068533739
564 2.672061510050736
565 2.074585367562415
566 2.4263189003203167
567 1.4679622549841365
568 1.9508291947604393
569 2.0736467916932715
570 1.2094740574045861
571 3.422359905008226
572 3.7563050339089337
573 1.5903648815502072
574 1.7821498190875171
575 1.7426314420164986
576 1.5917543052805905
577 1.3202016200419358
578 1.531185354397521
579 1.3510023048898647
580 1.4050226148204588
581 1.5944591150347232
582 1.000956937799043
583 2.286467216339248
584 2.3029510492021643
585 2.0609340250047463
586 2.1056388014516
587 2.2804951528353294
588 1.9147463660527795
589 1.181395867403905
590 3.056748072108521
591 1.7509569377990428
592 2.14742567131948
593 2.3301956313691266
594 1.7033251494238006
595 2.0593374707792305
596 2.1064599708370317
597 1.7085326953748008
598 1.604207227149784
599 2.168572885250612
600 2.15827072702328
601 1.5430875369697108
602 1.2887529433277871
603 2.2277743591354664
604 2.19516319871944
605 1.000956937799043
606 1.8451768471257761
607 1.595059662729886
608 2.1274772625855407
609 1.9784359448336213
610 2.509178762463918
611 2.082045149979563
612 3.0670850629032316
613 2.1794509076011432
614 2.0444655929951736
615 2.027580403987078
616 1.704584549098517
617 2.023783966378992
618 2.350980104147851
619 1.563335773141679
620 1.6881187771193265
621 1.7381803239683233
622 2.432494189852216
623 1.9922336539363092
624 2.3437891056312115
625 1.6580743523989678
626 1.2486698846601971
627 1.5281042077595246
628 1.8104205236837805
629 1.267467445500109
630 1.9434509447780246
631 1.000956937799043
632 2.4357854195037594
633 1.0955336573757626
634 2.111847082519586
635 1.984559471160865
636 1.6641234765169686
637 1.167333214784628
638 1.278068042050978
639 2.287168012507059
640 1.5335899910203312
641 2.166713353797412
642 1.979127146660201
643 1.3934027372570377
644 2.0667329828178156
645 2.5760448750653238
646 1.8976477592648437
647 1.7729262476080692
648 1.50370192008948
649 1.8985007119325537
650 1.2270998765117098
651 2.4246753947292463
652 2.027899764913627
653 1.771283758599629
654 1.3149781018202071
655 1.5788197652243325
656 1.8745028047136663
657 2.7351493480508915
658 2.034498305239451
659 2.655009852912782
660 1.8777894956743004
661 2.3897766277426795
662 1.0114832535885168
663 2.223319662793347
664 1.6728123825729295
665 1.9680340510576038
666 1.3689345480598454
667 1.7824349038275924
668 1.7168077260135999
669 1.8350506245639138
670 2.5191715499473224
671 2.4103630638588003
672 1.4964193018933054
673 1.675060775509696
674 1.8045290817744688
675 2.1132947634011825
676 1.5560092927816556
677 2.038795761394584
678 2.708078692204076
679 1.6027185001538258
680 1.7445466813887864
681 1.5431433254377134
682 1.4329920303873998
683 2.027789558583277
684 1.6533113669978143
685 3.2242483582124306
686 1.2179025129535734
687 1.5238204181180133
688 2.6467191576991933
689 1.344860400101874
690 2.907949505647549
691 2.010142841625516
692 1.000956937799043
693 1.704893302888995
694 1.500956937799043
695 1.7922856681792165
696 2.0019351718470686
697 2.6821077288133433
698 2.2586966532941934
699 1.801964068454388
700 2.4007919926036245
701 1.9402346534998927
702 2.191770932231199
703 2.2218622281271565
704 1.8425243981165036
705 1.4963794165425277
706 1.2778452804266573
707 2.4998231568394687
708 2.505151293436233
709 1.5901445162882024
710 1.3342902711323763
711 1.909765347079936
712 1.9198444637736323
713 2.464292555234623
714 1.7773747185220388
715 1.822871333481469
716 2.141536230106217
717 2.3510524604619096
718 1.8978767637870098
719 1.0226960682338255
720 1.61202887267316
721 3.069520947131214
722 2.5346866754933446
723 2.3497055761369205
724 2.6718521781384537
725 1.0824377205204367
726 2.495004556846662
727 1.4406089935681208
728 1.8704189453212083
729 2.0490921427625937
730 1.3802175922957212
731 1.701734170656786
732 1.9703793758838293
733 1.6083665412897519
734 1.4203644938939055
735 1.4913884338313181
736 2.3302020091890827
737 1.4228036491307283
738 1.2585326953748006
739 1.4454013822434875
740 1.663660900503006
741 2.1960597254377943
742 2.4196433973159683
743 1.899219663280516
744 2.124951540352174
745 2.7069493259811734
746 1.9052719533193496
747 2.3553971240238543
748 1.0064514432935485
749 1.1130837565953582
750 1.4403450007165177
751 1.3797749389697929
752 1.7284100402521456
753 1.9860952867908195
754 1.643089737189907
755 2.195831640648314
756 1.200956937799043
757 1.9261486200075484
758 1.9118091135619482
759 2.4567391326152803
760 2.033700173124764
761 2.523711607935021
762 1.0085905255853027
763 3.5833893579317366
764 1.4403743835116813
765 1.6887449317862795
766 1.8933058297200003
767 1.6858352500952456
768 2.2613932623634296
769 2.770307763429594
770 2.0449741860449393
771 1.6323506637512761
772 1.3671098400709745
773 1.4817658710041939
774 1.9476159537739646
775 1.6585050376547703
776 1.8851719401775873
777 1.9845162293349994
778 1.9106446517669935
779 1.3690277780175615
780 1.5845259094143782
781 1.404224911655252
782 1.6170039931752376
783 1.4195974242966722
784 2.225357071187573
785 1.8497692681481663
786 1.5934550637763079
787 1.2708550821075646
788 1.8823780240355252
789 1.8344648359506728
790 2.639750729308139
791 2.251117228097236
792 1.7298717524163476
793 2.428761185633593
794 1.8039654321201994
795 1.6963453922443483
796 1.6360143767308148
797 1.5988588509113817
798 1.910271506050622
799 1.6023985461215773
800 1.8142020191080754
801 1.735781272282007
802 1.49376239111622
803 2.391130490483502
804 1.950461073817962
805 1.8199489833630995
806 2.4248068490259027
807 1.881004274320123
808 2.7706083861941035
809 1.7234281681159174
810 1.6922221069410526
811 1.8034851872706354
812 1.1120680489101542
813 2.225168647830153
814 1.9346907450097597
815 2.425373577121581
816 2.3107736939813615
817 2.5036010736167658
818 2.1900547003759314
819 2.0758481999926763
820 2.2753765681332
821 2.1083956384388935
822 1.4589600751877558
823 2.698426490932553
824 2.833412163791933
825 1.9537247065413748
826 1.599087537930064
827 2.0899804299971807
828 1.348506464665458
829 2.230450391012679
830 1.977968196263789
831 2.7871869285016144
832 1.192063738058565
833 2.649278201425105
834 2.048789951318908
835 2.0702308452435827
836 1.5759410523980475
837 1.528803606574671
838 3.4940807997166496
839 1.1760721451723148
840 1.1715960355434039
841 1.9802620381909466
842 2.071675319838503
843 2.1988346971539063
844 2.9548484428296278
845 1.9656832113813596
846 2.7840625277621625
847 2.46863129038863
848 1.039777393192847
849 1.647052531598681
850 1.2711611497364497
851 1.3480955900719467
852 2.8955131554901037
853 2.712101091273081
854 1.8863104731525784
855 2.483860488889587
856 2.1003986962828796
857 2.224613091852016
858 1.2413466310350363
859 2.4866417720929626
860 1.84560089764771
861 1.7602748520118072
862 2.8076447867663106
863 2.9396638996205917
864 2.046539885757892
865 1.7688733534147172
866 1.7230274807095896
867 1.3476831287392197
868 1.6768482674624876
869 1.287847181701482
870 1.5478406068830755
871 1.4330430289389668
872 1.000956937799043
873 1.6894386941379425
874 1.8021247265213332
875 1.4043998908038997
876 2.880766127231217
877 2.730990914958859
878 1.5140946405752909
879 1.7784265151199508
880 1.1438140806561858
881 1.025347181701482
882 2.007727932202628
883 1.2603600304285698
884 1.4701111805277653
885 2.8159032999324687
886 1.4654971749837622
887 1.1961087278067586
888 1.659592878633454
889 1.6910723779144832
890 1.7569994326622334
891 2.138974275335898
892 1.7624215674913846
893 1.435489235630952
894 1.8825609354832138
895 2.2590739109001547
896 1.872908015485095
897 1.1800969369514016
898 1.6016256865193181
899 2.026334776090401
900 1.0958994996730744
901 1.9831085593112943
902 2.04238010058299
903 1.0349071950036897
904 1.5651748482819778
905 2.0539098366289776
906 2.5094505924424153
907 1.9373328197337534
908 1.432414541831354
909 2.002002300481301
910 1.6858157944795913
911 2.0251334935686054
912 2.0994566328487583
913 2.5152490918327204
914 1.9070701689649516
915 1.8484370630805478
916 1.0426236044657096
917 3.668924633913754
918 1.9306851576711466
919 1.942361902959767
920 1.6703284496123365
921 2.154040667660944
922 1.720219621065658
923 1.7706457147275694
924 1.5203760034168057
925 1.128448915273066
926 1.8522234657021461
927 1.8418614512502858
928 1.5186388034447094
929 1.3303585994587692
930 1.8424697872538003
931 1.3957452376282375
932 1.7531265762671926
933 2.7458112038094957
934 1.8032267742133115
935 2.0976522073717345
936 2.046958893516255
937 1.4634599941513142
938 2.1394922765044004
939 2.0843931628622245
940 1.8887936530075018
941 1.1899174174571971
942 2.3530866296563433
943 1.563455079273893
944 1.6086714656436119
945 2.9429639035201722
946 1.6178737779022023
947 1.2599027379984409
948 2.5173293437265976
949 1.0680361992106029
950 1.7238082406678696
951 2.300559908696612
952 1.000956937799043
953 2.3302038955078808
954 2.0389966897066314
955 3.2995867316546397
956 1.9350224293914722
957 3.045488196164058
958 3.820723874355779
959 2.598179693227716
960 1.2543660287081342
961 2.2198984140099904
962 1.2823422191843243
963 1.4663424270399474
964 1.7842089414332563
965 2.464327409814448
966 2.2369766653655887
967 1.4213716992772376
968 2.3213580071134086
969 2.1969326221685486
970 1.3568668020555545
971 1.5746825180391186
972 1.3658559276980329
973 2.4650453006552393
974 2.3992256364813214
975 1.4070379185201074
976 1.2179045777879198
977 2.1067167759749115
978 1.4603293991395896
979 1.7914063179783288
980 2.1855476705160544
981 2.2487672949105777
982 2.2392787207534064
983 1.9141451931946465
984 1.1967580855689652
985 2.2950406318827365
986 1.7708949252631978
987 1.574988409325806
988 2.3909359078606673
989 1.6326450527379162
990 2.537116688462482
991 4.929832273804599
992 1.14502143845439
993 2.073759528903045
994 1.5224714792751326
995 2.3073459471999334
996 1.0961683706364558
997 2.166980160154751
998 1.8203092470455724
999 1.817094243630443
1000 1.745654746351165
1001 2.2249111412461358
1002 2.3801755103950883
1003 1.313896524518717
1004 1.6709778946750176
1005 1.6112133957984942
1006 2.238980721474861
1007 1.1402374565917568
1008 2.4604829626876175
1009 2.06703076832697
1010 1.3576518047889992
1011 2.3624877378686335
1012 1.5668363268517065
1013 1.5122018835077782
1014 1.8907900201742298
1015 2.3556521291449046
1016 1.8157621497225869
1017 2.096061993251975
1018 1.3878907762958383
1019 2.1614310049872465
1020 2.3576619260645297
1021 1.6852644652289444
1022 3.715460210668098
1023 2.2408200073740443
1024 1.828924782425422
1025 1.6383000574569806
1026 2.5825525124494915
1027 1.9134631593113292
1028 1.486175679376605
1029 1.8519375909827014
1030 1.734430963773069
1031 2.768672018308228
1032 1.1509569377990432
1033 2.053433173619987
1034 2.398918215632352
1035 2.5741975823513283
1036 1.5940891627261076
1037 2.6785330457141603
1038 1.3542936108668675
1039 2.0950909999136442
1040 2.5859110257114715
1041 2.674389908334958
1042 1.2588807945616918
1043 2.528988570419817
1044 1.0597804672108078
1045 2.8268893421331676
1046 1.000956937799043
1047 1.7359680576508782
1048 1.5476756779960443
1049 2.0822001042436105
1050 1.8530607979911387
1051 2.113795663144075
1052 1.932318841258375
1053 2.294842088995445
1054 1.8738932077232828
1055 2.4033016014644577
1056 2.299619917317303
1057 1.9176649931115923
1058 1.4609634274018548
1059 2.7053260019917724
1060 2.834157019605329
1061 1.5324661921814937
1062 2.138790275934726
1063 3.1402038108968653
1064 1.5609112132276266
1065 1.1270606812940906
1066 1.786810192367015
1067 1.000956937799043
1068 1.7235695317400992
1069 2.8401334888199914
1070 3.263089497773345
1071 2.096747647135733
1072 1.5842902711323763
1073 1.7875335394144527
1074 1.901101208222906
1075 3.0118564672519206
1076 2.2787921643661875
1077 3.5776002774311726
1078 1.3853479506318247
1079 2.2598010970489444
1080 1.7193182785648298
1081 1.5323551430592899
1082 2.297518462227333
1083 2.013561012512111
1084 2.504049291906778
1085 1.6493026148281056
1086 2.1287130242216854
1087 2.0287092798313107
1088 1.3109202137240232
1089 2.2936234798045456
1090 2.627330421245726
1091 1.8952551286313688
1092 1.6098786500044109
1093 1.603734715576821
1094 2.108219266769893
1095 1.9093049872241572
1096 2.8332998884898695
1097 2.278953158914306
1098 2.8885282754247594
1099 2.7612583129534913
1100 1.6879954122642808
1101 2.0631117419629796
1102 2.3091095577278264
1103 2.1171918525669486
1104 1.4814134927926785
1105 2.1199806805776795
1106 2.634736509290844
1107 3.0017623625344507
1108 2.7175415619620757
1109 1.902883473638846
1110 2.064964100919314
1111 1.6191021373502412
1112 2.243458119861798
1113 1.5009569377990428
1114 2.566638173610669
1115 1.7070991745176811
1116 2.7225528656973954
1117 1.2291377890211312
1118 1.7387895419492319
1119 1.5797518446632863
1120 2.2686849185088516
1121 1.5510891676663094
1122 2.3055658185877848
1123 2.104828075549451
1124 1.5008746967310571
1125 1.953670378320516
1126 1.4349576592997644
1127 1.696499575928693
1128 2.9283856016444987
1129 1.8270743532378497
1130 1.8650703033931524
1131 2.3131739100285644
1132 1.4623845771618598
1133 1.844279493975398
1134 1.766330901798908
1135 1.6948164424091376
1136 2.04529562758084
1137 1.0253179207068355
1138 1.7157657413042005
1139 1.6605109602070542
1140 1.524838052377832
1141 1.9803522810137049
1142 2.5320173387480693
1143 1.5834966203387255
1144 1.3800512669450882
1145 1.7329531859655685
1146 2.21748826908678
1147 2.5324324334020742
1148 2.3033601170175686
1149 3.515629072520623
1150 1.474819478766847
1151 2.187273050697293
1152 3.002383735365947
1153 2.1561205085628394
1154 2.128036424534484
1155 2.2176365469643438
1156 1.5422577896606442
1157 1.9743062182165703
1158 2.0943718461654264
1159 2.0145268952873674
1160 1.9817896912435584
1161 2.3327429460695477
1162 1.931784900853916
1163 1.7973186249779274
1164 1.606073662725253
1165 1.6058855067501723
1166 2.152956491690545
1167 1.6567618107814805
1168 1.5784726761023196
1169 2.339980523677342
1170 2.060802938856875
1171 1.9351654126980218
1172 3.0496268473594257
1173 2.380435947142501
1174 2.1170915251459252
1175 1.0131520597502626
1176 1.9860255048106052
1177 2.1931686686632577
1178 1.477147413989519
1179 2.09016967856821
1180 1.7835407967132513
1181 1.6380638692870342
1182 1.1761276431654086
1183 1.659495747389323
1184 1.9548180752073225
1185 1.2522525712008683
1186 1.5151264138775287
1187 2.589206180998432
1188 3.3644686410466345
1189 1.7666600065968543
1190 2.130083666017208
1191 1.881796099122382
1192 2.7666665880596675
1193 1.4204483263874748
1194 2.778825087890925
1195 1.213497180247077
1196 1.5547354057079457
1197 1.962078477932298
1198 1.1780402711323763
1199 2.735162582269658
1200 2.0842804562961312
1201 2.060083065234755
1202 2.2980909062272463
1203 3.1969410222577173
1204 1.6808689710792903
1205 1.857952915772204
1206 2.0573909303793
1207 1.9950821176925602
1208 1.3841604596725121
1209 1.6886719733158895
1210 3.068792376390558
1211 1.902277043169019
1212 1.7572305843467309
1213 1.5521888749538628
1214 2.6506108551851995
1215 4.004785497625446
1216 1.4929465834720743
1217 1.8886623873975081
1218 2.3165662538686256
1219 1.5853472665104178
1220 2.0097032086165942
1221 2.5041451919131212
1222 1.6846069004417674
1223 1.5385192762490907
1224 1.859185340178163
1225 1.7340868604204256
1226 2.0697405090737524
1227 2.492357322102804
1228 1.9128918121112002
1229 1.8419853680415041
1230 1.446905825657328
1231 2.9486921980487577
1232 1.737832694082563
1233 1.4337867005736273
1234 1.7761938054186204
1235 2.157446830139696
1236 1.9353294013063198
1237 2.0551271449917072
1238 1.7550789618642662
1239 1.626978065506156
1240 1.0144704513125566
1241 1.5150173097734365
1242 2.229321038312997
1243 2.4193256083840082
1244 1.2873917748917751
1245 1.347110783952889
1246 2.772961831461843
1247 1.1855884131281926
1248 1.7049844249104895
1249 1.3747983238475656
1250 1.894960760454936
1251 1.9935125337839386
1252 1.7955220410079757
1253 3.5649054841823853
1254 1.3471970538980973
1255 2.5476384950052258
1256 1.2564968698028434
1257 1.6057762039533932
1258 1.5659326980748753
1259 1.6830127345365893
1260 1.0826290739694797
1261 1.5834966203387255
1262 1.1114937312877817
1263 2.061722342433052
1264 1.9660335951150247
1265 1.528247173652268
1266 1.8441067564652873
1267 1.7752251190377892
1268 4.196684490911439
1269 1.50947415027417
1270 2.2720404241937326
1271 2.822638743432332
1272 2.2391076851899876
1273 1.8029771398192453
1274 2.0193603261563826
1275 1.7189309148934353
1276 2.649711901104796
1277 1.3190706938923387
1278 2.2836595772493906
1279 2.7903051572153617
1280 1.7819905765555375
1281 1.6008906786081638
1282 1.534938951657218
1283 2.1672498324159815
1284 2.4503312751900435
1285 3.6727603140321463
1286 1.5696100360509804
1287 1.3422654582696523
1288 2.016115599511842
1289 2.953919285844905
1290 1.4227970637798473
1291 2.5191390435207275
1292 2.3897109144938917
1293 2.0348508884145526
1294 2.1992063030793245
1295 1.973232483851006
1296 1.6125685544912742
1297 1.6390850636047534
1298 2.7173345918858445
1299 1.6338556743811654
1300 1.6316071891243564
1301 2.1208469896402757
1302 1.439925001633883
1303 1.7654922425403479
1304 1.8984214171127185
1305 2.351548485628544
1306 1.2086605827387558
1307 1.7126924245345296
1308 2.1653842812643216
1309 2.0394737853025013
1310 2.2524477110184384
1311 1.8794021992905825
1312 3.4518340418054025
1313 2.083253244406132
1314 1.6242208077929021
1315 1.3724398588873403
1316 3.0994220472544787
1317 1.492188373129304
1318 2.8668795886314333
1319 1.000956937799043
1320 3.3520412101587356
1321 1.381690406433206
1322 2.345910983213355
1323 1.6454013822434874
1324 2.658427117354411
1325 1.8732383357383355
1326 1.8090733969337813
1327 2.1042180857132404
1328 1.4200992430100792
1329 2.8162232118834214
1330 2.4998604112488803
1331 1.7270227346697868
1332 1.9352995760955611
1333 1.563316527481091
1334 1.9686441445681364
1335 1.8173763660225128
1336 1.6889356104615705
1337 1.6868785222214553
1338 1.2418555870115582
1339 1.200956937799043
1340 1.1515974102042212
1341 1.0809526269474539
1342 2.274563820782932
1343 2.19091260832096
1344 1.6865546993269334
1345 2.3369168404694713
1346 2.4264555904605114
1347 1.9972074887049147
1348 1.9849388650616726
1349 2.0896367797907898
1350 1.2507678476099526
1351 2.2744207373564524
1352 2.263630712387216
1353 2.275959514117816
1354 1.3843076790621864
1355 1.462324652305674
1356 2.5583978277615684
1357 1.914399610726525
1358 1.5650721293963283
1359 1.1389060020126267
1360 1.471470366915691
1361 2.720614583819306
1362 1.6005093543571487
1363 1.8086282067205413
1364 2.29104143634492
1365 2.0663553727512376
1366 2.153382355896945
1367 2.2083666183623687
1368 1.440265323122466
1369 1.4770530019453385
1370 1.5873577892609014
1371 2.0705902965817025
1372 1.1531886389880663
1373 3.918996129041288
1374 2.405692260955419
1375 2.2176236044657096
1376 1.7213256176044442
1377 1.3243178651178846
1378 2.525627480295391
1379 2.4139828039687883
1380 2.276416676876943
1381 1.7454716336295282
1382 1.8788542636289622
1383 2.0035226421144663
1384 2.6110622463624606
1385 1.419809377688848
1386 1.5050337719028049
1387 2.1569657118937613
1388 1.6428001415787326
1389 1.9258690128205522
1390 1.6152176770597821
1391 1.5393190262986205
1392 1.4145766626232819
1393 1.4608302961485675
1394 3.177698549595834
1395 2.532619489251513
1396 2.464838393565083
1397 2.785744090512728
1398 1.8386255674353236
1399 1.9438415758347833
1400 2.48839412943331
1401 2.3987647502308977
1402 1.8981572905129975
1403 2.597897427420434
1404 2.3633223936638146
1405 1.9442642417492524
1406 2.0606742349268954
1407 2.501279552871212
1408 2.223481611384626
1409 2.3011519602481423
1410 2.0964538558286705
1411 2.9165742299725648
1412 2.0052828792857627
1413 2.33557264645646
1414 2.1006516252914613
1415 1.9074427799184246
1416 2.5996351604387664
1417 2.734364172441442
1418 2.0614286787675655
1419 1.980841712357122
1420 2.907073501204245
1421 2.5680140148066086
1422 2.2360220026727977
1423 2.4642260375611196
1424 3.112212258953357
1425 2.50836934930312
1426 3.310186174410494
1427 2.4879963074182467
1428 3.0525009115998967
1429 2.2221196088789643
1430 2.220889921149341
1431 3.825609643267292
1432 1.8657452987255079
1433 2.44515591564909
1434 2.1650215160107753
1435 2.3870674496829705
1436 1.839211261622509
1437 2.490509471080376
1438 2.3210166914302888
1439 2.086495946720244
1440 2.3532926831305887
1441 2.5642416297184627
1442 2.246461234307629
1443 3.1692163512364298
1444 2.2273587904629695
1445 2.2973997535427624
1446 2.3628636136117915
1447 1.9408293946873838
1448 2.467768871012259
1449 2.3347929077389367
1450 1.8999702969536516
1451 1.7840482021982003
1452 1.8545254641698559
1453 2.6924592861691745
1454 2.2944565272677666
1455 3.1834765750755323
1456 2.2839826215610985
1457 3.5263903787755164
1458 2.5663492568529427
1459 2.5816369272846256
1460 2.3252711936681725
1461 2.4022117243508334
1462 2.6637189159143477
1463 1.7374303461862768
1464 2.526711124274269
1465 2.0857061006427084
1466 3.504620109952848
1467 2.1472086419568392
1468 1.8338129890671135
1469 1.903226647141346
1470 1.651641153618598
1471 2.059016313991307
1472 2.1957471311785968
1473 2.0070258908366725
1474 2.0752455283160165
1475 2.25792912653892
1476 2.2041761897036287
1477 2.241387992405479
1478 1.9332750076790244
1479 1.8921050185162809
1480 2.249353347311851
1481 1.906200068012093
1482 2.109043601638967
1483 1.693097401137389
1484 1.9105563506771057
1485 2.501972635376648
1486 2.46118522204244
1487 1.6404385848195493
1488 1.9477260752410426
1489 2.1844364732980948
1490 3.724770607656534
1491 1.480298566262314
1492 1.386681587445039
1493 1.9305598555091052
1494 1.7471500092017118
1495 2.733904876575695
1496 2.187608966313314
1497 2.376038028508489
1498 1.2592317570639464
1499 1.7407380658806237
1500 2.176844597339539
1501 1.9875253597642817
1502 2.010497089379914
1503 2.2533527221968725
1504 1.6763688810347648
1505 1.7104869221982824
1506 1.0467171717171717
1507 1.0467171717171717
1508 1.5341628387039432
1509 1.6988112566715188
1510 1.3119302632687861
1511 1.6432557011159634
1512 2.0833350661953283
1513 1.68492236778263
1514 1.8694461773064392
1515 1.8694461773064392
1516 1.5738112566715188
1517 1.8694461773064392
1518 2.250001732861995
1519 1.3471698425301044
1520 2.143497134760359
1521 1.5397274148823117
1522 1.8608338815785692
1523 2.2716906601278684
1524 1.5377001455604076
1525 1.8741829661088367
1526 1.0043668122270741
1527 2.2957948880222956
1528 2.1396461914942746
1529 2.205480966758128
1530 1.7530954836777597
1531 1.097873732751894
1532 1.965223715236296
1533 1.9602742869938132
1534 2.341717116438686
1535 2.647669833242796
1536 1.1188030503421849
1537 1.8741227688967683
1538 3.627153593178829
1539 2.4349892982710335
1540 1.3563799363817197
1541 1.3377001455604076
1542 2.235900726129018
1543 1.1043668122270742
1544 1.536762091526378
1545 1.529029370171366
1546 1.416059549050597
1547 1.5321445900048518
1548 1.501985859846122
1549 1.1032005494514516
1550 1.6043668122270742
1551 2.12367413570048
1552 1.709865352141637
1553 1.121629719312462
1554 2.3039399770586435
1555 1.6461560513435307
1556 1.7569052571970392
1557 2.7640182034693184
1558 1.9439569194277102
1559 2.758136754339515
1560 1.790271274976662
1561 2.423255444613188
1562 1.3377001455604074
1563 2.2058324889388947
1564 1.642752737955695
1565 2.217006865993336
1566 1.4015576209726617
1567 1.232144590004852
1568 1.763565705943867
1569 2.3350752151728624
1570 1.777776976449117
1571 1.5093974125128093
1572 1.504366812227074
1573 3.9041289993014288
1574 1.7305232536470587
1575 1.7152077169082929
1576 1.4327629999233684
1577 2.1370849338568316
1578 1.587643797159369
1579 2.649046547986248
1580 1.6303929114877982
1581 3.4331925501321394
1582 2.4539277368977817
1583 1.929558476428027
1584 1.5979317274573233
1585 1.4242653286444928
1586 1.53409607824225
1587 1.8113849902215966
1588 2.638826536088818
1589 2.5446816097729514
1590 1.5004371989951353
1591 2.0094222047679353
1592 1.3832933150266231
1593 2.7874473151866894
1594 2.6302542051279305
1595 2.462485836694069
1596 1.963100481991022
1597 1.3578952536339197
1598 1.204478220228899
1599 1.2043668122270743
1600 2.042506313860515
1601 1.7393424756580524
1602 1.4312857332352993
1603 1.0043668122270741
1604 1.078341856790354
1605 1.3751208726149795
1606 1.7425269204023197
1607 1.459258256472058
1608 2.048973030025803
1609 2.2710334788937407
1610 1.3154779233381853
1611 2.6655022418785106
1612 2.3236978589131225
1613 2.0764370862576937
1614 1.7367562537559422
1615 1.4656998204641072
1616 3.1538634517294946
1617 2.0885493082553666
1618 1.6040394763996302
1619 2.2548882567765878
1620 2.808232172269039
1621 1.4641614377193743
1622 1.4543668122270743
1623 1.2043668122270743
1624 1.9452920431740934
1625 1.7210010131604743
1626 1.5804786383105245
1627 1.5343243351423435
1628 1.7731217599794833
1629 1.6776264029656145
1630 1.6147240403816405
1631 1.554745600105862
1632 1.8458877883685052
1633 1.4942641790112334
1634 1.9900243080269446
1635 1.6215412043734851
1636 1.1725973312414677
1637 1.8732504268924228
1638 1.6269535580845622
1639 1.4879606134766024
1640 1.7853563395519123
1641 1.4950365599124429
1642 1.3714633328755839
1643 2.2411884984127295
1644 2.3353498882541683
1645 1.5291317346705062
1646 1.5066507029460172
1647 1.9772661456350165
1648 2.875195582371226
1649 1.7483384434327478
1650 1.2043668122270743
1651 2.9491085429768935
1652 1.3390298165710997
1653 2.2243367010682187
1654 3.269588412050603
1655 1.6370324781744743
1656 2.5781603429924638
1657 2.479793151773149
1658 1.7853600952108344
1659 1.7799935298141372
1660 2.009175589756307
1661 1.5347724082926453
1662 1.5957080038913325
1663 3.249350617037552
1664 2.315581253039762
1665 2.2120476632853654
1666 2.0539809459068166
1667 2.128592956703038
1668 1.743799501197475
1669 2.084966521789924
1670 1.2703167833643603
1671 1.601030124588061
1672 2.0086878144443587
1673 2.246696634065082
1674 2.4395790595747537
1675 1.7638275020997
1676 1.42415000405963
1677 1.437225410783347
1678 1.1451301409699428
1679 2.7983682622588075
1680 3.2403317245077754
1681 1.4195960274562895
1682 1.509046246419972
1683 1.3344998913589108
1684 1.5072197704158103
1685 1.752679285527415
1686 2.1706439313181702
1687 1.2794923149031838
1688 1.2928712009301169
1689 2.344080915075876
1690 1.8600408301536766
1691 2.4311306065261875
1692 1.966132207079109
1693 1.87545980336973
1694 2.080586456682135
1695 1.96410508109753
1696 1.0043668122270741
1697 1.9386493855189353
1698 1.501985859846122
1699 3.0943084556396707
1700 1.9308815307021376
1701 2.1990519129181663
1702 2.6199329708511954
1703 1.9705567377930322
1704 1.4980672905434773
1705 2.628693168009788
1706 1.714725923810061
1707 2.594423436105522
1708 1.1720624255116663
1709 1.3329391077051231
1710 2.980269854857559
1711 1.633150321381427
1712 1.3261864458964898
1713 1.8641256649750335
1714 1.0458044443623806
1715 1.4543668122270743
1716 1.9491444403971712
1717 1.028610736747529
1718 1.6941127234915676
1719 1.7721051433240649
1720 1.9597792340809916
1721 1.464489771505422
1722 1.6126053654179822
1723 1.5671597855570425
1724 1.394191001662723
1725 1.4572009356410356
1726 1.5248601111710756
1727 1.5490634262465555
1728 2.2268159547872193
1729 1.3052578003614712
1730 1.0548059649866663
1731 1.051308105168582
1732 1.051308105168582
1733 1.2903926281707485
1734 1.6752771307189256
1735 1.594934631832866
1736 3.222096115933015
1737 2.4187576992346242
1738 1.187678833683273
1739 2.1831057882228064
1740 2.6175421557058485
1741 1.452484443809902
1742 1.5555119695726738
1743 1.9279264544013466
1744 2.058698460173352
1745 3.1496643828938637
1746 1.5062893081761006
1747 1.8731303732894755
1748 2.143698460173352
1749 2.062022636911327
1750 1.0062893081761006
1751 1.5545909103281326
1752 1.9429887905099008
1753 3.3019419156592003
1754 1.883832214790488
1755 1.7791850356370444
1756 1.8606325538697763
1757 1.5683566435056309
1758 2.0161600489278477
1759 2.089400214559317
1760 1.0062893081761006
1761 1.7463984546356777
1762 1.689080086729074
1763 1.0062893081761006
1764 1.0062893081761006
1765 1.6228178685550916
1766 1.6086990706862936
1767 1.0062893081761006
1768 2.09657724805214
1769 2.486747262430137
1770 2.5927497340751904
1771 2.2185671993158635
1772 2.1139053377307953
1773 1.3878954356102124
1774 1.727602664655677
1775 1.7223544488192257
1776 1.0062893081761006
1777 1.921819003872016
1778 1.596575777313
1779 2.058698460173352
1780 1.4952208432060332
1781 1.6496218528244342
1782 1.9707055034733023
1783 1.6119363970853846
1784 1.8919615421206446
1785 2.0646167559422137
1786 1.0062893081761006
1787 1.469209149585644
1788 2.001331310414898
1789 1.5062893081761006
1790 2.0894002145593173
1791 2.0502940851489546
1792 1.8514331377764515
1793 1.0462893081761007
1794 1.969765653849242
1795 2.235130015811503
1796 2.5860830342262346
1797 1.2375835176781576
1798 1.4162468944494764
1799 2.058698460173352
1800 2.058698460173352
1801 1.1255875537901356
1802 2.089400214559317
1803 2.0706032220781148
1804 1.4592980461962803
1805 1.7384889567261794
1806 1.7785980939745878
1807 1.1399849603500136
1808 1.0062893081761006
1809 1.9854582945418824
1810 1.1030842644031051
1811 1.2420494321984197
1812 1.0062893081761006
1813 2.0114323205159086
1814 1.9648045292374041
1815 1.3296119999770533
1816 2.0392100982936863
1817 1.8041977005966878
1818 1.8557608028138148
1819 1.6451078008450235
1820 1.0123135143002693
1821 66.8063359408164
1822 1.9081053451871153
1823 2.010412113464649
1824 1.7327805345172802
1825 2.9898759245074062
1826 1.6649233916601376
1827 19.836109212425
1828 2.003060263653484
1829 1.3995249101181302
1830 2.569330104923325
1831 18.943758704179675
1832 1.9975971783966504
1833 2.6853687208242674
1834 1.5609189829778063
1835 1.245434423608888
1836 1.3939165409753644
1837 1.0058823529411764
1838 1.431200877707895
1839 3.1814079024730297
1840 2.502095720472777
1841 1.8305616107179714
1842 3.023976715545129
1843 12.381279477893795
1844 1.072549019607843
1845 1.2254416091178908
1846 1.7072827142679239
1847 1.6089959060547294
1848 2.7297450391869775
1849 1.22942732648615
1850 3.944947314370581
1851 1.395813233748139
1852 1.7943133663721897
1853 2.1628027999894055
1854 1.5368914010446686
1855 1.2305666963755197
1856 1.6903138481081652
1857 2.051791998850822
1858 4.407259595746686
1859 2.160323744882568
1860 1.2232678522600482
1861 1.4873640234321344
1862 1.6487394957983192
1863 2.056954478280401
1864 3.348137954427137
1865 2.1237798110409836
1866 1.1582452482618182
1867 1.41353039010967
1868 1.3655205493347786
1869 2.717720593713776
1870 1.5362394957983192
1871 2.229631438696711
1872 2.2654764619763874
1873 2.501269504102953
1874 2.00550470771059
1875 1.5510597923553098
1876 1.6831465260373213
1877 2.4512578108166334
1878 1.4326040993320406
1879 2.259372575538543
1880 1.1522440993029226
1881 2.2798118317964873
1882 1.4666205328646822
1883 1.9963265172691418
1884 2.2415010805796625
1885 1.7605892831018268
1886 1.5879340234318824
1887 1.7895807393595116
1888 1.14947209653092
1889 1.0535014005602241
1890 3.4517957899699043
1891 1.6960962861128563
1892 3.270103425112354
1893 1.7139230500109235
1894 1.2558823529411764
1895 1.0429193899782134
1896 1.2903235921474936
1897 2.0691150559863924
1898 1.6257407816898581
1899 1.9715637973645954
1900 1.7788082571449455
1901 1.3095077583328856
1902 2.040365111561866
1903 1.7967507337556339
1904 1.2721647749323703
1905 1.76344448098979
1906 1.2149775011667592
1907 1.33763821201548
1908 1.6122062858848685
1909 1.9895162578918382
1910 1.4768096975147753
1911 2.124278908358483
1912 1.601853048911872
1913 2.1023376337714574
1914 2.0008045469434963
1915 2.840683966081854
1916 2.331813366372189
1917 1.4906696294198707
1918 2.193021781748894
1919 2.275782828048432
1920 1.2558823529411764
1921 2.1257469654528474
1922 1.7038989652791823
1923 1.5802396339038354
1924 1.6429699251443675
1925 2.039217227274702
1926 2.810427729229257
1927 2.274119161929849
1928 1.6487744897080858
1929 2.892840137255579
1930 1.2160272804774082
1931 1.579922361743388
1932 2.186433172685519
1933 1.215406162464986
1934 1.9595911441499676
1935 1.328981768145855
1936 1.4826680672268906
1937 1.8255677802783241
1938 1.933761739530941
1939 1.4894254349025484
1940 1.9219136262558751
1941 1.4989845938375348
1942 2.1200218914346873
1943 1.8557734204793026
1944 1.6827772128380385
1945 2.557341097633599
1946 1.0058823529411764
1947 1.2731442577030812
1948 2.1340887505607773
1949 2.142233549044694
1950 3.64545540089032
1951 2.5155435251023484
1952 1.6704274048848395
1953 1.3570620937050726
1954 1.6874559450597557
1955 1.9373568162940435
1956 1.4871470259908388
1957 1.2471423589600212
1958 1.4961004632222965
1959 1.872942437561107
1960 2.335785762038861
1961 1.6175248575414274
1962 1.88362779462379
1963 2.222938887955457
1964 2.3721064757104884
1965 2.384456499148885
1966 1.2877409592678677
1967 2.324717194570135
1968 2.886780117039412
1969 3.102870140138293
1970 1.57315233785822
1971 1.3791721629579108
1972 2.6079861238234443
1973 4.460430679047589
1974 2.4111986515699773
1975 2.9894472914562087
1976 1.5392701788516998
1977 1.361437908496732
1978 2.9166701566867266
1979 2.2985079607864356
1980 1.7461677823333412
1981 1.51858847581969
1982 1.5335622298764602
1983 1.6614650300171818
1984 2.2615142210730435
1985 1.7928144351456405
1986 1.1308823529411764
1987 2.377075571491014
1988 1.4256901608921888
1989 1.373894778010491
1990 1.6788679474086297
1991 1.4519955316355326
1992 1.8619001645894575
1993 2.4773451793150656
1994 2.137381363657668
1995 1.5376514700593442
1996 1.059652114858558
1997 1.6487394957983192
1998 2.515786148359483
1999 1.0693438914027147
2000 1.6487394957983192
2001 3.6939988502433687
2002 1.4659774077623975
2003 2.0004150090258994
2004 1.609943977591036
2005 1.1258169934640523
2006 1.0159685086155674
2007 1.7265454316924904
2008 2.278674664307544
2009 1.9087132638603226
2010 1.7070135746606332
2011 1.3897058823529411
2012 1.740896358543417
2013 2.105975723622782
2014 1.3897058823529411
2015 1.422491614276604
2016 2.08375350140056
2017 1.917086834733893
2018 1.8381185807656393
2019 1.647642390289449
2020 1.8381185807656393
2021 1.0147058823529411
2022 1.9087132638603226
2023 1.3619281045751634
2024 1.7746223547694133
2025 1.8932773109243695
2026 1.178199468839339
2027 2.03375350140056
2028 1.563511243658302
2029 1.0147058823529411
2030 1.6313725490196078
2031 2.619864612511671
2032 1.6378702180172766
2033 1.647642390289449
2034 1.6385112436583023
2035 2.16628902143608
2036 1.0147058823529411
2037 1.0147058823529411
2038 1.4903469079939666
2039 1.5242296918767504
2040 1.8432773109243694
2041 2.553864080705622
2042 3.418332868074612
2043 2.870057305659646
2044 1.7072712454146208
2045 1.7901981169348629
2046 2.3585413296201563
2047 2.4461895674544465
2048 1.4848724646133942
2049 1.7669007434520005
2050 2.549805092241963
2051 2.2767790455847567
2052 1.681444286460242
2053 3.389360353332788
2054 3.0873596920699664
2055 3.453858073641052
2056 2.110652377688494
2057 2.1503937186675985
2058 1.9315021967452364
2059 3.0727210910211435
2060 1.4339542513426036
2061 1.6598135772019291
2062 1.6850844326071184
2063 1.418761740145779
2064 1.4013547538818751
2065 1.5767310228337585
2066 2.2657978936946748
2067 2.019862064955491
2068 3.334630286982545
2069 1.465253017935488
2070 1.7508524064633275
2071 1.5957382862454965
2072 2.6424470871764925
2073 3.5859755828619893
2074 1.797456165029939
2075 1.7462727344906925
2076 1.616764321730237
2077 2.027196692693033
2078 2.38457889529341
2079 2.0827755960189362
2080 1.890282023895308
2081 1.9744685707099603
2082 1.9244577256667617
2083 2.386305289934342
2084 2.050631367709936
2085 1.441588856697885
2086 1.9860022444541554
2087 3.6179712633480405
2088 8.116701683886161
2089 2.793833691746529
2090 2.7100534266530087
2091 1.9193421497276568
2092 1.4892507827167627
2093 1.9901944227666108
2094 2.073687034287294
2095 1.4986685170558547
2096 3.831994528093578
2097 1.2300072588230484
2098 1.7983338444097776
2099 2.557141687956861
2100 1.7604206163528957
2101 2.357945058526136
2102 2.4557475944126943
2103 3.5985838759255544
2104 1.7928232200507723
2105 3.187071159749178
2106 2.8178702393948716
2107 3.497929069642594
2108 2.641047356891729
2109 1.784601711050118
2110 2.489352458792507
2111 3.1486685535949377
2112 1.5563401074551573
2113 2.4411274593520993
2114 2.5096361465972072
2115 2.3812311336599503
2116 1.1466329966329964
2117 2.1872264504467736
2118 2.0734827877591284
2119 1.5286782487275712
2120 1.8198958620753145
2121 1.8367859341594888
2122 2.4665051428980744
2123 2.323787493155354
2124 1.4875927765201284
2125 2.2058480331949544
2126 3.0297423618575468
2127 2.070092470333921
2128 2.384025495779752
2129 2.131699093369775
2130 5.417034532721664
2131 2.2005586033165705
2132 1.2852624452405301
2133 3.0640903779557225
2134 2.282064654971327
2135 2.2099407278687315
2136 1.8621684602096678
2137 1.9782220195393694
2138 2.368573772770522
2139 2.0944047128508974
2140 1.8320276675784366
2141 2.072686553009324
2142 2.022280231933327
2143 1.5516423632680996
2144 1.444398511403781
2145 3.1095240863918217
2146 2.861024655220838
2147 1.552945033466509
2148 1.4769629235069093
2149 1.6736699334865044
2150 3.138713061966383
2151 2.086933804619845
2152 3.06306101773538
2153 2.0603347405580763
2154 3.3900470611685756
2155 2.0448351166243093
2156 1.9672040723859432
2157 2.1371258245276783
2158 1.9655906436431465
2159 1.95617358326593
2160 1.7104259269000404
2161 1.1807524999560044
2162 2.090033101016006
2163 2.643443158837188
2164 2.1277660606733653
2165 1.984622217435386
2166 1.383928626247941
2167 2.4606746018211223
2168 2.415440169793911
2169 2.197868577006725
2170 2.3443932376352694
2171 2.106228763890395
2172 2.1474654976833873
2173 3.0982208186115647
2174 1.4097605285627042
2175 2.86014018110477
2176 2.188096984925859
2177 1.72499907543411
2178 2.715941945993663
2179 2.0728621941781826
2180 1.8231632048496442
2181 1.2807694673544798
2182 1.6507998081225164
2183 2.0903503942444916
2184 1.9001545553118024
2185 1.5024290873340314
2186 2.103516729019734
2187 1.9683279413837413
2188 3.226834922177286
2189 2.0639523438765988
2190 2.6811722168471634
2191 1.4561085539671552
2192 1.8975292915011814
2193 1.8965761350030572
2194 2.3543792893004123
2195 2.0942575200956433
2196 1.5682010263503081
2197 1.9046627905729172
2198 1.717635809634011
2199 1.8937086672580905
2200 1.961989362235745
2201 1.9643329717701095
2202 1.98855376532032
2203 1.4119743792180919
2204 1.7665981224393845
2205 1.796817538314016
2206 1.3283854518949605
2207 2.863954981843296
2208 1.695599998036314
2209 2.1586900366266626
2210 1.9908680858235346
2211 1.8729469365577325
2212 2.459949230306437
2213 1.2474518766451022
2214 1.3392478341076375
2215 1.7051188961585662
2216 2.4365363404281246
2217 1.5958873626430639
2218 1.9977179042727422
2219 1.6362786360588841
2220 2.072073718163132
2221 1.40266335741154
2222 2.5321227064008367
2223 1.5757421846963224
2224 2.336914133101782
2225 1.3812846774377894
2226 1.3332880923262813
2227 2.037275192599857
2228 1.9591206127708638
2229 2.1380064512592223
2230 1.2414094556560191
2231 1.4173692757053866
2232 2.1906013337778307
2233 1.4030514875195728
2234 1.6159207498987258
2235 2.6768209848104014
2236 2.4563411917660067
2237 1.5908173279019509
2238 1.8021841634253981
2239 2.0949186005269604
2240 1.4530640475272651
2241 2.124539292449681
2242 1.6575955367752684
2243 2.720979312971332
2244 1.8738094546636264
2245 2.1351476126427213
2246 2.292904262402719
2247 2.3112789418456288
2248 1.9181998885849707
2249 1.811620733576907
2250 2.861461042424132
2251 2.4807519428011306
2252 2.268884095780381
2253 1.5720760233918125
2254 1.7226663680619838
2255 1.63260695147975
2256 2.099357845986041
2257 1.933159473376097
2258 2.3354170537148473
2259 2.4814311804236353
2260 1.8476176470849615
2261 1.6900705156709344
2262 1.744901380020182
2263 2.571459951672345
2264 1.5815453213491157
2265 1.4135341367321343
2266 1.7763663253398008
2267 1.43423349750605
2268 1.594052913491377
2269 2.0232494536745995
2270 2.2490514790905527
2271 1.6679292929292928
2272 1.1069834233533924
2273 2.5530357771589203
2274 1.2112774345162094
2275 1.7092667970526965
2276 1.7166548025995045
2277 1.9521971369160702
2278 1.7266832410795259
2279 1.8546946709616867
2280 1.5173409603290884
2281 1.8349777196817865
2282 2.0992934525055267
2283 1.4210973805650617
2284 2.331036846887219
2285 1.6850224747405131
2286 1.5338516136863198
2287 1.5427202083689415
2288 2.245081048611669
2289 1.719710563548541
2290 1.8318510146652427
2291 1.0890762463343109
2292 2.064183362102547
2293 3.230878576743052
2294 1.7134368567346192
2295 2.1025597982100956
2296 2.9241489706053416
2297 1.8945934551254824
2298 1.5720760233918125
2299 1.0317113442113444
2300 1.3376919809185184
2301 1.788725957312771
2302 1.522982995937987
2303 2.245100734408755
2304 2.341647510296301
2305 3.8632631416888517
2306 1.6322633980375094
2307 1.898088023088023
2308 1.443947766960302
2309 1.7431649262490896
2310 1.1572073267234557
2311 1.4915682029219708
2312 3.0540415152833926
2313 2.0477507748069823
2314 2.0641597181465112
2315 3.1806878434403973
2316 1.928124565849428
2317 1.4239452321809851
2318 1.95734736968716
2319 1.1831222371823111
2320 1.403596690196676
2321 2.6637321128979723
2322 1.8185776199374666
2323 2.2506251871812974
2324 1.917620194504052
2325 1.8079078576882892
2326 3.341511637705574
2327 2.319081292678057
2328 1.7839174257743995
2329 2.308842462108444
2330 2.389591819132348
2331 1.7739152214309863
2332 1.6773406263222659
2333 1.617892374432334
2334 2.313576274667855
2335 1.8226776491253993
2336 1.634707397342556
2337 1.2778493135691278
2338 1.7419199130056746
2339 1.4572706102072515
2340 1.5494056454648093
2341 1.9776557956064593
2342 2.308968864721984
2343 1.9114065055643237
2344 1.901262626262626
2345 1.6092712842712844
2346 2.379258441744855
2347 2.8140254496346158
2348 1.5288830875558475
2349 2.6466896964794286
2350 2.453795079972505
2351 2.550628232364375
2352 1.7863098417939518
2353 2.015644961166375
2354 2.216631420390881
2355 2.732254793377017
2356 2.1661773342179194
2357 1.2012626262626263
2358 2.034594083833254
2359 1.318028333495353
2360 1.7763450597673627
2361 1.6679292929292928
2362 2.638439883795724
2363 1.4394305023733849
2364 1.9681014985102554
2365 2.0050452339436013
2366 1.6078661140584751
2367 1.0410885968114885
2368 1.699747474747475
2369 2.315329725860485
2370 1.2714804970302613
2371 1.1543562327837504
2372 1.8964016235681882
2373 1.212870288046794
2374 1.9090904846787198
2375 2.21958166296651
2376 1.9654134593162602
2377 1.2897241647241646
2378 2.002618254479996
2379 2.1070944343428692
2380 1.1592128863648785
2381 1.9940179148247186
2382 1.8580623885523955
2383 1.2265327040834273
2384 1.6679292929292924
2385 1.8386665801449298
2386 1.722738935326504
2387 1.7201250180901801
2388 1.6514434349968317
2389 1.7308089317530648
2390 1.5720760233918125
2391 1.6735654106518907
2392 2.191027149290091
2393 2.1991614639960293
2394 1.8750586043332507
2395 1.4922816479134267
2396 1.6407674254112194
2397 1.9747310112536958
2398 2.243767926390057
2399 1.4329419061617203
2400 1.6211999481292207
2401 2.6694165094679723
2402 1.7272257251378142
2403 3.6985083363038953
2404 1.890144771725557
2405 2.4772785719296753
2406 1.0012626262626263
2407 1.9314538384907776
2408 1.8146203304222488
2409 1.5392167116162454
2410 1.8507287669424959
2411 1.4584316730179911
2412 1.8492577413504372
2413 2.234701109528021
2414 1.45097395435865
2415 1.9202395143510893
2416 1.1272544804221858
2417 1.9263418439491047
2418 1.878333503623081
2419 1.0472245822713113
2420 1.7549524285985014
2421 1.0921717171717171
2422 1.7079918221160784
2423 1.5099340683339064
2424 1.036381673881674
2425 2.250937950937951
2426 2.0475486399107945
2427 4.660690142532718
2428 2.182578509523644
2429 2.65099111812086
2430 2.2903136891869638
2431 2.3297078101072435
2432 1.8044208083931537
2433 1.8180869330639535
2434 2.017358051628131
2435 2.1214203098596025
2436 2.2050345661124107
2437 1.8572782917978299
2438 1.961527567687889
2439 1.3809645993137267
2440 2.8035006823950264
2441 1.316371483117773
2442 1.9043148200268945
2443 2.009992916545869
2444 2.3224479959136732
2445 1.3626741095993564
2446 1.4329644986873902
2447 1.948881673881674
2448 1.72587929004456
2449 1.5083847207261967
2450 2.1949895291119805
2451 2.5790817288179237
2452 1.3758712412037246
2453 1.639830214588279
2454 2.288974087674929
2455 1.3762635447666174
2456 1.920819136312716
2457 1.7626901270102147
2458 1.3355905079529367
2459 1.2764188425953134
2460 1.2533775436240342
2461 2.689078796839284
2462 1.7373737373737375
2463 3.0676936703701916
2464 2.0826518679888615
2465 2.3349045807635354
2466 1.5855615883511451
2467 1.3359122776003693
2468 2.445148650096738
2469 2.1813194128862983
2470 2.058875657563461
2471 1.8575065365056715
2472 2.131038609167975
2473 1.9858390201325649
2474 2.6846458200151977
2475 2.4207276456090274
2476 1.268571561029681
2477 1.580780159211848
2478 2.068318229253368
2479 2.3007600376137027
2480 2.081837566500276
2481 1.2095959595959598
2482 1.6384544257328475
2483 1.7177378211482819
2484 2.3321382789524727
2485 1.8777636614593136
2486 2.56350690323041
2487 2.488929851718216
2488 1.7891725175673565
2489 1.898088023088023
2490 1.958410710508267
2491 2.1566144142135
2492 1.8022723367088958
2493 1.914759328621197
2494 1.604162558446446
2495 2.496490188653562
2496 2.1837642388572185
2497 2.157081541300551
2498 1.9767889170885677
2499 1.2618911023471648
2500 2.5323208157904893
2501 2.8962308862693447
2502 1.9065611451135147
2503 2.593048652431345
2504 1.3856445207068164
2505 1.6187853247471558
2506 2.714963110551346
2507 2.0793054265978625
2508 4.014764428929513
2509 1.1432117788049991
2510 1.491543735529843
2511 1.5240085236290173
2512 2.3544700874935893
2513 2.531201406988413
2514 1.6766436343058202
2515 2.148773399099901
2516 2.060671943295782
2517 2.4741824181965617
2518 1.4804694410351433
2519 1.0907363104731527
2520 1.473285669862768
2521 2.8174084484128836
2522 1.566202204495591
2523 2.0528541927848694
2524 1.6184865089241507
2525 2.029358811982651
2526 2.176784780882957
2527 1.82896959090136
2528 1.1679292929292933
2529 1.5561379482832325
2530 2.2626472118380088
2531 1.2057192807192805
2532 1.4770780986803014
2533 1.827338609962449
2534 2.215577124272776
2535 1.6429496981820713
2536 1.7953192371753186
2537 2.5641805976320384
2538 1.4627501094069302
2539 2.04934259405497
2540 2.0905642029062097
2541 1.3479755312473385
2542 1.8613720845132136
2543 2.346552662709146
2544 1.9403387072166027
2545 2.06081386202509
2546 1.4142746136329432
2547 2.0220668823632915
2548 1.8691625584464462
2549 1.0845959595959596
2550 2.471527055771194
2551 3.046641498912606
2552 1.7826750930954496
2553 1.0108780108780109
2554 1.54137562664779
2555 1.8903288060408803
2556 1.4695929368954632
2557 2.389518924278682
2558 1.6767094559933433
2559 1.7971397961387594
2560 1.6625752824871807
2561 1.3192407824373773
2562 1.7572881077374294
2563 2.7048963271469892
2564 1.733063961207613
2565 1.7157095243933977
2566 2.16228442722898
2567 1.7642204634486771
2568 1.424428720972401
2569 2.1814980970566737
2570 2.682054886285024
2571 2.93902081458884
2572 2.068152847436735
2573 1.8018872126231529
2574 1.2734173073201087
2575 1.0012626262626263
2576 1.6496043397280777
2577 2.391505105598683
2578 2.6803300454559142
2579 1.9819134939460537
2580 1.6679292929292928
2581 2.822263683620336
2582 1.4230408918601398
2583 1.6908343774557184
2584 1.7340617771501066
2585 1.7382305253277932
2586 1.5431294072475936
2587 1.2150105432449014
2588 1.8527177346217594
2589 1.9967436359497386
2590 1.6497191037195202
2591 1.5779597452012355
2592 2.2141191798877964
2593 1.540481732906017
2594 2.9639577935406374
2595 2.169663193931433
2596 1.9585137085137085
2597 2.4577339313295727
2598 1.901262626262626
2599 2.2929703386500826
2600 1.3699051497322021
2601 1.2744497607655503
2602 2.5773900871393596
2603 1.8405265581837589
2604 1.6628205671044545
2605 1.9129048929668913
2606 1.786979620957375
2607 2.0961110003948877
2608 1.501828211341675
2609 1.4901113560574362
2610 1.5473443318384885
2611 1.9171146412632138
2612 1.0012626262626263
2613 2.8742926557542194
2614 2.077504690016452
2615 1.901262626262626
2616 1.8016233257183139
2617 2.854773841853712
2618 3.9184608810349038
2619 2.397835922968442
2620 2.2163940816802645
2621 2.2191176966679493
2622 3.033923586200414
2623 1.6918750874633228
2624 2.8421851078856166
2625 1.826201614054406
2626 2.1482311837408754
2627 2.706845198002844
2628 1.300058903702149
2629 2.170112448283258
2630 3.385716465354209
2631 1.5720760233918125
2632 1.2105582235731904
2633 1.4356858677466435
2634 1.0963055985026386
2635 1.7723693758666306
2636 2.1524353895177155
2637 1.9814293650172377
2638 1.4482969725685013
2639 1.65614742393884
2640 1.6538338466830576
2641 2.6773017015899008
2642 2.3607219738367275
2643 2.039675147809482
2644 2.774770009110221
2645 1.8889116851787002
2646 1.4174147625174305
2647 1.4879041274570364
2648 1.193151722191117
2649 2.185220096846604
2650 2.126332154668284
2651 1.9921310266403214
2652 2.9758424149244718
2653 2.164259377160027
2654 1.9613908427072588
2655 2.4110903811284863
2656 2.025658053493222
2657 1.498057498057498
2658 1.8045454545454547
2659 1.679987785415019
2660 1.989977945642054
2661 1.0194444444444444
2662 1.6905483405483404
2663 1.901262626262626
2664 1.8077052032934389
2665 1.7618560791532132
2666 1.5744278154367484
2667 1.898088023088023
2668 2.271896417810657
2669 1.3082341493631815
2670 1.0306743909685085
2671 1.6613434553332729
2672 2.3378186443083466
2673 1.8080175412467756
2674 2.0866947943466263
2675 2.9304313148144
2676 2.2092712842712845
2677 1.8075592813324426
2678 1.189141414141414
2679 1.681406995429425
2680 2.3585880690120513
2681 2.02532116575871
2682 1.6679292929292924
2683 1.755506429582112
2684 2.0003394091113567
2685 2.697423252039859
2686 1.3936961011935398
2687 2.72981542867011
2688 1.6834551919443337
2689 3.5763269200997443
2690 1.7117733554877863
2691 1.416520757014574
2692 1.7513511015883885
2693 1.9910792312920045
2694 1.284133517093875
2695 1.5966874621302667
2696 1.2364501044078509
2697 1.3454746655134349
2698 1.7329117746806124
2699 1.5497710706028465
2700 1.8730576317405003
2701 1.430851782871327
2702 1.673200765535828
2703 2.442439400236081
2704 2.0404301972073147
2705 1.171731035848683
2706 1.9843718890930948
2707 2.2083552747856805
2708 1.898088023088023
2709 1.898088023088023
2710 2.30286223853445
2711 1.0012626262626263
2712 2.201685853184502
2713 2.6519687917249177
2714 2.633249169589907
2715 2.347151748953593
2716 1.499718290925844
2717 1.4512934800519042
2718 1.989510526143346
2719 1.3360624413081044
2720 1.715636084245348
2721 1.5305305347151972
2722 2.2163533960909505
2723 2.2484810555944135
2724 1.234915141692635
2725 2.771043113642283
2726 1.444957739526933
2727 2.467604617604618
2728 1.1498567577919814
2729 1.7874903273994758
2730 1.933641178456618
2731 1.7618668350111408
2732 2.316990696306593
2733 1.592254980810956
2734 1.594896654089923
2735 1.3450678000892753
2736 1.9164279720676012
2737 1.8278507727485565
2738 1.770869542639846
2739 3.2369405298058007
2740 1.674673040979859
2741 1.6656565656565654
2742 1.2073731062797362
2743 1.8045454545454547
2744 2.050525953299952
2745 1.8943803683782257
2746 2.103300628915331
2747 1.7263288283408533
2748 2.062561261412603
2749 1.7980087063212828
2750 2.2815448206379685
2751 1.3814437478230581
2752 1.5291673720122714
2753 1.6523696671261718
2754 1.0012626262626263
2755 2.330523204910831
2756 2.8036658995820205
2757 1.800877079745681
2758 1.1351286077712448
2759 1.6054822661601849
2760 1.7352300367438607
2761 1.617751855896124
2762 1.9313279263351508
2763 2.2250860181205336
2764 1.680353248840912
2765 1.614886344000995
2766 1.3795590070805102
2767 1.5725476252065225
2768 1.5331494973500208
2769 1.9839395889689861
2770 1.4129548488473436
2771 1.4157649606776697
2772 1.9953102453102454
2773 2.311522946557315
2774 2.2534843735885373
2775 1.4153487447221802
2776 2.1019118244232713
2777 3.904814319510043
2778 1.7972540192605955
2779 1.9230964026012183
2780 1.651280057058282
2781 2.077496490500911
2782 1.5117024675881372
2783 2.0645982822103677
2784 1.4572524793214447
2785 2.627942602713822
2786 1.5012626262626263
2787 1.5815727766385659
2788 1.2735353726733034
2789 1.8497474747474745
2790 2.410717471245266
2791 1.8245661659287231
2792 3.0177442800955627
2793 2.165941265778116
2794 1.6399250171315845
2795 2.1349862346565773
2796 2.1153955939305575
2797 3.6893159937080444
2798 1.2809078537662693
2799 1.0173916585206908
2800 1.948808338204623
2801 1.9700920361762497
2802 1.8868646938098794
2803 1.5390328698813263
2804 2.115161132462438
2805 1.9544795847261827
2806 3.359317842274764
2807 1.4087529463136361
2808 2.0059912488325518
2809 1.6537496756853995
2810 1.7805795334927228
2811 1.9498837924326156
2812 2.1383211192340816
2813 2.407572819813869
2814 2.0996086367641755
2815 1.7778605709868527
2816 3.3841220441428
2817 2.3900567332622584
2818 1.1549135214032913
2819 1.4949698712127961
2820 1.6949910357838944
2821 1.5425699396389052
2822 2.0081823413944155
2823 1.2401515151515152
2824 1.577338609962449
2825 1.6048757748280476
2826 1.8076251863000348
2827 1.98007239578447
2828 1.354098195547163
2829 1.6854337113272082
2830 1.2602594125832667
2831 2.3059984333484387
2832 3.4182977070981275
2833 2.4192697254551208
2834 1.6905483405483404
2835 1.143305820351856
2836 3.1037973338654608
2837 2.161040958525479
2838 1.482185966564774
2839 3.3191851035552675
2840 1.83065663669366
2841 2.6835918134624626
2842 2.054312243262112
2843 1.2965948163099745
2844 1.2426636595936071
2845 2.195406038940442
2846 1.572691197691198
2847 1.579864857234209
2848 1.664521263050675
2849 2.0549443140856467
2850 1.5317187845850757
2851 1.9976222883328123
2852 2.675810992714654
2853 1.6702280025430762
2854 2.2369815778168576
2855 2.492969270812272
2856 2.149870397233283
2857 2.2366090993086924
2858 2.235620935121451
2859 1.4437108537078573
2860 2.6055335345542074
2861 2.362496609724883
2862 1.318026463446736
2863 2.408891742607531
2864 1.8045454545454547
2865 1.529970914095696
2866 1.3960589456612034
2867 1.3312214107862936
2868 1.422051399936711
2869 2.8449966124919164
2870 2.37477151995712
2871 3.397243273538689
2872 1.7282086682936706
2873 2.839466538549608
2874 1.2337716566300723
2875 1.5092852135691006
2876 2.62319699288578
2877 1.1085393996684318
2878 1.493438606965159
2879 1.7373737373737375
2880 1.5508696932052937
2881 1.9269339613352312
2882 1.0838023088023088
2883 1.6310245310245313
2884 1.8106184232594256
2885 2.211796979919595
2886 1.4878429615800925
2887 1.4779215104778032
2888 1.7732200550335657
2889 1.9849143675382066
2890 1.7232538804196715
2891 1.764360153765169
2892 2.569792723907223
2893 1.3498485463199024
2894 1.3206688651849943
2895 1.590542942273522
2896 1.733774825304776
2897 1.9215396436575882
2898 1.552438230357649
2899 2.176394615600441
2900 1.9673174230498338
2901 2.6936157845438
2902 3.494946081516358
2903 1.4667762888452542
2904 1.512577353480963
2905 1.7670898649233253
2906 1.6310245310245313
2907 1.8859057775958905
2908 2.1424346813779107
2909 1.827750037319003
2910 1.5012626262626263
2911 1.0306743909685085
2912 2.380679367346863
2913 1.15510878010878
2914 1.3841078298007887
2915 1.7615295762473315
2916 1.872583142314481
2917 2.4531840358009545
2918 1.2788334333045621
2919 2.0530846540900205
2920 1.4775527537043882
2921 1.8373936337892034
2922 1.9245168402289146
2923 1.3144653912395847
2924 1.7005878108819286
2925 3.164470543373899
2926 1.664521263050675
2927 1.3851619570659817
2928 1.1484901571858095
2929 1.5290768201002964
2930 1.8585016848808735
2931 1.3530322836205189
2932 2.0470194039175045
2933 2.8477801645643614
2934 1.8113493923097743
2935 1.170824749962681
2936 1.6873959920828527
2937 2.510115316895388
2938 1.7373740168486727
2939 1.1957713510147598
2940 2.657363130051598
2941 1.4536704534741771
2942 1.9847588788002253
2943 1.5373508604114694
2944 2.28131722504953
2945 2.022223764314561
2946 2.2075887347362046
2947 1.878387593518132
2948 1.640814944424752
2949 2.4589147063570493
2950 1.2018656288523837
2951 1.777138190794521
2952 2.1831309886551358
2953 1.4957477386622882
2954 1.9395956555251388
2955 1.3203632990510255
2956 1.813933008951504
2957 1.4106874545391979
2958 1.542388452625064
2959 2.0742220903118493
2960 2.110379520966857
2961 1.3105056447504642
2962 2.243726784361876
2963 1.6135809712185625
2964 2.3413297585782886
2965 1.849011290968909
2966 2.267414617342197
2967 1.298749133824124
2968 1.3099437117559563
2969 1.2626059217077765
2970 1.7428598750240432
2971 2.047356249343004
2972 1.8561529555375214
2973 1.7081204395136633
2974 2.6733393180187957
2975 1.4531031594377408
2976 2.2508318207739486
2977 1.5320648768866811
2978 4.4783990695101785
2979 1.5843886863175882
2980 2.3295360224328703
2981 1.68609621819289
2982 1.0334087006714507
2983 2.300403063161181
2984 2.1842759211250944
2985 1.475722149148777
2986 2.5663649781531603
2987 1.4459670747920645
2988 1.5957833110765298
2989 2.1942832272371438
2990 2.4154259724193334
2991 1.6747722306380926
2992 1.529769534241756
2993 2.583805020894147
2994 2.2230488820256906
2995 2.780635450554193
2996 2.0550852198908163
2997 1.430791905145138
2998 2.2852935138096404
2999 1.5209908963105212
3000 1.8038359338350347
3001 1.8440373460241013
3002 2.45764351830555
3003 1.4358483128350676
3004 1.823424490493768
3005 1.6928814576061253
3006 1.700451255812022
3007 1.9761070023103895
3008 2.1735246227988183
3009 1.2509078156103817
3010 1.8186372663224863
3011 1.2743129836991187
3012 1.1981884644200704
3013 1.249562178948315
3014 1.4208401728269278
3015 1.3282076137118886
3016 1.9235934108742834
3017 1.419123144015643
3018 1.9692463713520962
3019 1.1816823143555557
3020 2.074825823940846
3021 1.845060421292788
3022 1.6183265554848214
3023 1.8565258264869735
3024 2.2374906630323816
3025 2.1198299313479816
3026 1.9246969440750032
3027 1.9921481530672032
3028 1.6865330631915518
3029 2.714520355507422
3030 2.0824011925225085
3031 1.7845177806221826
3032 2.1318937695353486
3033 1.3693452501788053
3034 2.1304959978556712
3035 1.7153441463775256
3036 1.2992211193604422
3037 2.5499433366719764
3038 1.4741800664562394
3039 1.4977905644832017
3040 1.4404238320297011
3041 2.2145933302817395
3042 1.5633785483788483
3043 1.6861023146708862
3044 2.236705657535776
3045 1.8066845112403986
3046 2.136279387202303
3047 1.9055860539524834
3048 2.256168000491282
3049 1.345946763507143
3050 1.6012623719682935
3051 2.2423910489484995
3052 1.3748215512521105
3053 2.330161136144358
3054 2.0046697066817956
3055 1.6377571312072638
3056 1.948738200724956
3057 1.7598849242136398
3058 2.3996279771085516
3059 1.0013245033112583
3060 1.3235021997949505
3061 1.6004535348876228
3062 1.9440845651921927
3063 2.2132265087572023
3064 1.9368307434219492
3065 1.8161038098820774
3066 2.3659997341627554
3067 1.7400903289160623
3068 2.2027058655102802
3069 2.2915258436069603
3070 1.7916131452205069
3071 2.196236065233893
3072 1.7573129592997145
3073 1.9728978265423827
3074 1.3753541987872775
3075 1.7794117615488183
3076 1.7084721056766794
3077 1.5555404848751544
3078 1.318800164904567
3079 2.322354493766341
3080 2.157894995588735
3081 1.4366056319754832
3082 1.6596578366445915
3083 2.6170841787076977
3084 1.9989688702408044
3085 1.8184640046737952
3086 1.5985802821931667
3087 2.056526454431712
3088 1.7804014720941095
3089 1.65203308872356
3090 1.8485443752532578
3091 2.2297740171705853
3092 1.4823703912820565
3093 2.0622822619925576
3094 2.001860364599361
3095 1.9066938649368579
3096 2.406494326019209
3097 2.0780609087481725
3098 3.5147219493803554
3099 2.6754322547222573
3100 1.3247148605736498
3101 2.376434071563559
3102 1.460324668257441
3103 2.1459845274137437
3104 2.0903506571266997
3105 1.547977167015845
3106 2.8739785749054687
3107 2.171511751984445
3108 2.0584956792369957
3109 1.6709074506365031
3110 2.3400608462949077
3111 2.205821998506427
3112 2.0501004528491493
3113 2.76081778232843
3114 1.298744944114052
3115 2.0412280658817847
3116 2.1720623039949474
3117 2.015363802589864
3118 1.4448076956018268
3119 1.6117640973554135
3120 1.858085820152229
3121 1.237269108997656
3122 1.4573129592997143
3123 1.3763245033112583
3124 1.9936256662006566
3125 2.3598131217239033
3126 2.3830915429368
3127 1.104607329007331
3128 1.1785495224835407
3129 1.2441816461684012
3130 1.6074102662513858
3131 1.8196049435088688
3132 1.2547379225601534
3133 2.273409184146472
3134 1.4032967370178215
3135 2.3161664238362634
3136 2.064588555702326
3137 1.8456653207762628
3138 1.6472791797124913
3139 1.0013245033112583
3140 1.7264823194496604
3141 2.1620113635597034
3142 2.235151051707857
3143 2.0455325733475753
3144 1.4513245033112583
3145 1.2473512254889103
3146 2.466925571104403
3147 2.1916366405729573
3148 1.2332571773957741
3149 1.7929194114876603
3150 1.6054833172292913
3151 2.469258193099445
3152 1.8484230948885048
3153 1.6318307852621023
3154 2.276620739405216
3155 1.8465561766193672
3156 2.1062497770035478
3157 2.4525528333061914
3158 1.095786754023509
3159 2.299532877126834
3160 1.7691033358289436
3161 1.9860563468124544
3162 2.126618043454672
3163 1.31176125786566
3164 2.1953569687777232
3165 2.6040676628409396
3166 1.2484670559845013
3167 2.3205384098010384
3168 2.290126148193658
3169 2.7226461054661377
3170 1.5089313102163293
3171 2.0826516020326142
3172 2.6381315972291395
3173 1.7835962064679802
3174 1.700285468816341
3175 2.3922307818892103
3176 1.988199111762567
3177 1.7533671992860116
3178 2.35704186966453
3179 1.6823129592997144
3180 1.7093914893905904
3181 1.1894010333551281
3182 1.3734737119694178
3183 1.1533403593322107
3184 2.004980079894583
3185 1.5637735738485643
3186 1.3159112466230294
3187 2.01571571566731
3188 1.3239773874048602
3189 1.9118626929529694
3190 1.8174163170734174
3191 1.7798723970197439
3192 1.3640720722420174
3193 1.710924707029109
3194 1.5230474018723918
3195 1.0013245033112583
3196 1.38914178041632
3197 2.1841164827669153
3198 1.6280857267038158
3199 1.4981988441652825
3200 2.2051421418417623
3201 1.9974254441848087
3202 1.7445536308553486
3203 2.197080469245923
3204 1.7244660262416471
3205 2.056916133902889
3206 2.022421567750696
3207 1.4525102063540305
3208 1.3914720536851513
3209 2.1701346260025267
3210 1.6494463317017556
3211 1.8918592556518927
3212 1.8819197096054585
3213 1.9636435290240635
3214 2.2085464305423783
3215 1.934164811151566
3216 1.394905694184869
3217 1.9578287027330075
3218 1.21450284852046
3219 1.6656134652456034
3220 1.8678230056608607
3221 1.960852597686039
3222 2.505692248184029
3223 1.365344914297009
3224 1.3744499025937533
3225 1.3923260604374144
3226 6.76847616099069
3227 1.7262930328226438
3228 1.7146379953747504
3229 2.590868612260218
3230 2.0241222236718266
3231 1.8930415281165183
3232 1.8076431846299394
3233 2.16757621427924
3234 2.1952366171288644
3235 2.430308167945189
3236 2.1927766682176
3237 1.7847716837831764
3238 2.2883799158519014
3239 2.023184201891456
3240 2.516882049950947
3241 2.291382228387039
3242 2.3521238096374177
3243 2.322219726327628
3244 2.3301190826855835
3245 2.1699786134324626
3246 1.7498195533546816
3247 1.9426464734335789
3248 2.0101933090840887
3249 1.4739792287991356
3250 2.069898466979993
3251 1.5372621560057529
3252 2.13241697316692
3253 2.069353002922902
3254 1.8809814832967975
3255 1.313050389317835
3256 1.8904754064801708
3257 1.5655115924983471
3258 2.829413377324805
3259 1.5144156449798967
3260 2.0573240201327923
3261 2.2143108448833457
3262 1.768728176285249
3263 1.8096583217236728
3264 2.3424556299551402
3265 1.97334332813959
3266 2.38658606765539
3267 1.530767383206007
3268 2.0387054062883236
3269 1.3604668315712334
3270 2.2412097734859997
3271 1.627505621101406
3272 1.0433922394966415
3273 2.1125170777492692
3274 1.1263245033112583
3275 1.2463995026414696
3276 1.8529223774444774
3277 1.8345375190526694
3278 1.2344696805740827
3279 1.6507822852036238
3280 1.9427634371531943
3281 1.5535149280523823
3282 1.5231079818683755
3283 2.187064909449273
3284 1.8689658431176572
3285 2.5411995913258965
3286 1.4201714581677378
3287 2.076593298266737
3288 1.5312817972736332
3289 1.6373041846945902
3290 2.249171799911306
3291 1.8430313280842463
3292 2.1963354115461513
3293 1.5622136387086623
3294 1.9391481825661125
3295 2.188188961247421
3296 2.5628911125152
3297 2.498028077112778
3298 2.771282238167868
3299 2.1863093967982468
3300 1.5622192791489806
3301 1.9282914565184464
3302 1.7063996365840013
3303 2.5025149795017345
3304 1.3854668315712335
3305 2.046824761039274
3306 1.3939084790380534
3307 1.9894515993096764
3308 1.8079918880311971
3309 1.301594688499128
3310 2.390367624878261
3311 1.7476383843801266
3312 1.9535994828134782
3313 1.3442580403624422
3314 1.4371481541948388
3315 1.8991513079258184
3316 2.2277081488673782
3317 1.5608959400880895
3318 1.7513245033112583
3319 2.0570610456260914
3320 1.9199906410950431
3321 2.0664034666549607
3322 1.2585437546481566
3323 1.0178575383041106
3324 1.7945201732085214
3325 1.859708194783185
3326 2.0247862925594373
3327 2.459873204191622
3328 1.660287103250889
3329 1.9756395673322045
3330 1.2988330126757317
3331 1.8222020074294365
3332 1.3033686449613375
3333 1.8135909171092717
3334 2.240042811147213
3335 1.0013245033112583
3336 2.0881089746499266
3337 1.6958875254004715
3338 2.3579153137661515
3339 1.5412086387836292
3340 1.7952750380574747
3341 1.797412833496949
3342 1.0013245033112583
3343 1.7289959498675462
3344 2.11591670658851
3345 1.537501786825923
3346 1.6956974114415457
3347 2.1816826589537097
3348 1.572210398811508
3349 1.7317903990745904
3350 1.2172335942203492
3351 2.054555504423227
3352 1.5846578366445916
3353 1.8161794042953443
3354 1.8675729387612168
3355 2.0023669249419154
3356 2.056916133902889
3357 2.5332276682995296
3358 1.6733698366443979
3359 1.7078970772751367
3360 2.13513093166233
3361 1.1144842690685186
3362 1.9287520616274936
3363 2.08802654074623
3364 2.1847237753215563
3365 2.1867408251504243
3366 1.6123287754161117
3367 1.9811110732232962
3368 1.3688840271207818
3369 1.8737225200152656
3370 2.4189262151891913
3371 1.76875003014081
3372 1.3904800062639309
3373 1.7119517845267749
3374 1.25912062490455
3375 1.5998858535322897
3376 2.076094928591625
3377 1.8991649477185808
3378 1.1666859296813876
3379 1.6162908804107317
3380 1.083209063354144
3381 1.718477857399721
3382 2.645626722237384
3383 1.71146943084749
3384 1.6680675641719662
3385 1.5382486634191221
3386 1.6308751401165924
3387 1.7689142256881742
3388 2.351589053575809
3389 1.4474912145076464
3390 2.0975049965281247
3391 1.8665856035853863
3392 2.2111184637817054
3393 1.1263245033112583
3394 1.3030619436539086
3395 1.9593610402743087
3396 1.5854668315712335
3397 1.9935561261853167
3398 2.0815248880588633
3399 2.0073659714495307
3400 1.687557168645609
3401 2.1519334521229303
3402 1.5402779759100778
3403 1.8289293566917566
3404 1.69393451868888
3405 3.5524853378850687
3406 2.0272571518029205
3407 2.529323060411348
3408 2.016333350104517
3409 1.5475736278532215
3410 1.6849184849096575
3411 2.3111513424268417
3412 1.4358483128350676
3413 1.7687613413251366
3414 1.1941854276335837
3415 1.0013245033112583
3416 2.031724057281539
3417 1.2333122592192494
3418 1.9399739632232567
3419 1.6689594358299926
3420 1.9482837101896564
3421 1.4955238770554773
3422 1.7644680752653268
3423 2.0120789009130617
3424 1.6797006812546766
3425 1.1307188953580893
3426 2.0276616837677213
3427 1.3371624540555687
3428 1.8082204434347497
3429 2.177032451083567
3430 1.940663238545492
3431 2.3572117578557683
3432 1.5782748047005504
3433 2.1807949289642594
3434 1.5846578366445916
3435 1.0013245033112583
3436 1.1263452211565435
3437 2.2207482014851094
3438 2.2456116608177594
3439 2.4186474648918073
3440 2.053268066531888
3441 2.341966826829458
3442 1.4257962128476396
3443 2.3020051293378185
3444 2.4022314409558954
3445 2.751407616662655
3446 1.5803593925234383
3447 1.1872709959954761
3448 1.9583663016189536
3449 2.219868128105348
3450 1.9500957296727417
3451 2.0468160709208596
3452 2.1716167516429525
3453 1.4442580403624423
3454 2.1009350633972526
3455 1.8037490783179515
3456 2.286742046843837
3457 2.200967220369083
3458 1.8848618168723634
3459 1.8253960765670167
3460 1.817274512189451
3461 2.1231121915982
3462 1.813158315245735
3463 1.3475260142186518
3464 1.851809471444045
3465 1.4085825678273873
3466 1.7818159924843666
3467 2.0308781438830397
3468 1.7489601827379933
3469 1.5453403865245414
3470 2.0814306192277074
3471 2.1986794309392748
3472 1.923320053197806
3473 2.104254854228241
3474 2.0575617301367197
3475 1.4747930417254487
3476 1.6056294333011194
3477 1.9190042292760454
3478 2.0536355030932874
3479 1.7296521992423577
3480 2.1245324251079607
3481 1.7469208096616597
3482 2.6904592338026387
3483 1.794480016090509
3484 2.140356292093038
3485 1.3473941072190887
3486 4.067730983926336
3487 2.314655674434358
3488 1.607185296422042
3489 1.3330482048078338
3490 1.8910449008698822
3491 1.4835131352498812
3492 2.31643723522945
3493 2.439735110918534
3494 1.4477407925423402
3495 1.0018281535648994
3496 1.4985279361073531
3497 1.0018281535648994
3498 3.068368376443596
3499 1.2067253491849865
3500 1.6967242334204227
3501 1.7909959276134735
3502 2.2763748890032636
3503 1.259345902775798
3504 1.5677336354778388
3505 1.7778744260278478
3506 2.618676574026014
3507 1.8791728093363502
3508 2.3339735395483765
3509 1.0777540794908254
3510 2.324142075498477
3511 2.2681106694322644
3512 1.8609970979607038
3513 1.7923992467348455
3514 1.7139326127383239
3515 2.1234994202590487
3516 1.7404165985106397
3517 1.9795291074830672
3518 1.8464245487417899
3519 1.576394673110927
3520 2.0500580067870127
3521 1.9545397937765394
3522 1.6285764280776944
3523 1.878349317586063
3524 1.7460936198993313
3525 1.8108497866936752
3526 1.4771651337636278
3527 1.6402252256042114
3528 2.1483319915753563
3529 2.3813494273558833
3530 1.5483890001257459
3531 2.4053666901916717
3532 1.6994363864976885
3533 1.2791416781697276
3534 1.6548218671631933
3535 1.166605481500122
3536 2.055805640242113
3537 1.7766058467103325
3538 1.6333251597624492
3539 2.0817675166336445
3540 2.2255482028654434
3541 1.7878731271098727
3542 1.791101226698353
3543 1.8079392646760106
3544 2.5003225386019334
3545 3.269241891486467
3546 1.4422918565286023
3547 2.3899159525374527
3548 1.717671139039426
3549 1.8627616977046504
3550 2.5213415995795567
3551 1.4345992251064268
3552 1.6427011694379154
3553 2.1792936637642666
3554 1.531022829727661
3555 1.8664445556813012
3556 1.9059188895402888
3557 1.9091650693982698
3558 1.3309084973132517
3559 4.355456433436464
3560 1.4315879766085968
3561 1.878349317586063
3562 1.727181031589759
3563 2.581738172564759
3564 1.536853106026709
3565 2.1082614757557288
3566 2.610523841505984
3567 1.958393810130556
3568 1.6644936743186556
3569 1.7791220519007536
3570 1.9645637540852283
3571 1.9750848671624803
3572 1.9835474535521562
3573 2.5629715852965664
3574 1.4268281535648994
3575 2.5187698361177002
3576 2.018573313167202
3577 1.6783186206664849
3578 2.0891747761339694
3579 1.485407490894236
3580 1.7392550541496947
3581 3.7507377332421417
3582 2.857488179813161
3583 1.669954690699137
3584 1.6987223610523268
3585 2.385164669989651
3586 1.9000946531471885
3587 1.1919599186184697
3588 2.81015961586935
3589 1.9336978950002865
3590 2.0850487495054595
3591 1.840563000238355
3592 2.489726073591856
3593 2.084402600675613
3594 1.344420746157492
3595 1.9545397937765394
3596 1.5207329855370417
3597 1.9384464906635197
3598 1.3848882628545167
3599 1.6940391288641101
3600 1.8256379679858323
3601 2.762233453929281
3602 1.8405445770842217
3603 1.0018281535648994
3604 2.209039756115061
3605 1.2330935767382167
3606 1.723770796454978
3607 1.4056789151073656
3608 1.0945333207381518
3609 2.349881122129777
3610 1.5532312183838766
3611 1.8791728093363502
3612 1.8266047658415114
3613 1.761947201183947
3614 1.0999142779668132
3615 1.7018737546185647
3616 3.447940939199125
3617 1.5883471900839359
3618 2.0250580067870123
3619 1.2057755219859518
3620 1.0787512304879763
3621 2.122496701479289
3622 1.6029700025359634
3623 2.8812986146027875
3624 1.6997778890146347
3625 1.8375427298905942
3626 4.167996975307773
3627 1.0412917550974665
3628 1.613517862323574
3629 2.5303830435671566
3630 1.3424583080108432
3631 1.8523352191036653
3632 1.7514633770023045
3633 1.2117655732782577
3634 3.652511600857854
3635 2.200525035126859
3636 1.484894107219088
3637 1.3657060730310542
3638 1.8166288205661103
3639 2.6880146908630516
3640 2.796099508395042
3641 2.3401155665877544
3642 1.9545397937765392
3643 1.4305609202772054
3644 1.8068816714768563
3645 2.5670588010536104
3646 2.793911110017672
3647 1.4369067650226506
3648 1.3273183496433307
3649 1.5461307805407785
3650 1.5472457360999523
3651 1.6973900481128363
3652 2.2728020326270135
3653 2.408643247346213
3654 1.5612071341637281
3655 2.5503155708603655
3656 2.8743711221241997
3657 1.4791465190236819
3658 1.3475393219892269
3659 1.4233719323667426
3660 1.9323281979892355
3661 1.9581999386393414
3662 2.077632417000741
3663 1.5348882628545168
3664 2.309483043477854
3665 1.6878731271098728
3666 2.395884287118035
3667 1.5117246296378462
3668 1.784735958256857
3669 1.9340335141126375
3670 1.705619917356663
3671 1.8929430254296236
3672 1.6006340552111438
3673 1.658725467720278
3674 2.2138690461772272
3675 1.9545397937765392
3676 1.0018281535648994
3677 1.7439933957301412
3678 1.2590862180810283
3679 1.3711467301838993
3680 1.8547148695321107
3681 1.6181011962302652
3682 1.7937375154971442
3683 1.462738765633211
3684 1.7567145891265141
3685 1.3574905467272924
3686 1.5622754746054406
3687 2.8013411405778856
3688 1.6128152415256714
3689 1.7326625385613736
3690 1.6271768789136245
3691 1.260945784751496
3692 1.8110067158507253
3693 1.3658913101802377
3694 1.7075159842527299
3695 1.8161269860639782
3696 1.6583608203460136
3697 3.395446940178676
3698 1.2508883039408392
3699 1.8475099829154593
3700 1.5483890001257457
3701 1.2304929528179338
3702 2.539797129033875
3703 3.3271109756258586
3704 1.2798792781764743
3705 1.8027512500762313
3706 1.5171358279285148
3707 1.7132213751849816
3708 1.095947643033226
3709 1.7771808619587328
3710 1.0787512304879763
3711 1.1260705778073234
3712 3.182240906827798
3713 1.344420746157492
3714 1.968681587668411
3715 1.478886183254508
3716 1.9545397937765394
3717 1.888048202865444
3718 1.5904618698024313
3719 1.931212555018266
3720 1.196272598009344
3721 1.7075159842527299
3722 2.2046528400583156
3723 2.062424684821435
3724 1.6227244878100358
3725 1.043494820231566
3726 2.749717361503527
3727 1.9599243639640087
3728 1.7941788863139818
3729 1.808339476003017
3730 1.0018281535648994
3731 2.123665998261183
3732 2.192280802755869
3733 1.1631992752947626
3734 2.020533458286538
3735 1.9670071685468133
3736 1.5026065175011576
3737 1.6086102603470063
3738 1.344420746157492
3739 1.9083825053314711
3740 1.977918645418831
3741 2.3144433609381707
3742 2.4282435777934017
3743 1.2867668707616808
3744 2.349471590503665
3745 1.5677472758519928
3746 1.6855943873311332
3747 2.2119291240243077
3748 1.0018281535648994
3749 1.8525845133293344
3750 2.344629308448421
3751 1.068494820231566
3752 1.3143281535648994
3753 2.445897023685271
3754 1.5504670237464189
3755 1.288565134899784
3756 2.2659515798299896
3757 2.5535719761409075
3758 1.9516702690181331
3759 2.419457959711038
3760 1.7143281535648993
3761 2.349471590503665
3762 1.344420746157492
3763 1.6535088258338069
3764 1.5018281535648994
3765 2.354495366812608
3766 1.0018281535648994
3767 1.5686100276048376
3768 1.7363519630887088
3769 2.106097467266261
3770 2.057195066658672
3771 1.3659987052354512
3772 1.2561295537549513
3773 2.0257064227817283
3774 2.8727688555254876
3775 2.2179885988100336
3776 1.7498736410044966
3777 1.8721955307797877
3778 1.5187382319349783
3779 1.4431643026236591
3780 2.393278794116788
3781 1.0550912812961122
3782 1.4898015965306024
3783 1.4741514312761081
3784 2.0294627924655
3785 1.5866173110809167
3786 1.4899766835545252
3787 1.5379392646760106
3788 1.398682049159745
3789 1.5237730457366516
3790 2.2789743966379366
3791 1.9733242013767363
3792 2.1229166239180755
3793 1.341483449616191
3794 1.6422033916669974
3795 1.6453376899679313
3796 1.3617182634550091
3797 2.396637558735291
3798 1.6777917926090338
3799 1.43593509752406
3800 1.5868413484192119
3801 1.7454150294302269
3802 1.5780186297553755
3803 1.239501502295266
3804 2.3602766942715045
3805 2.5101509022613384
3806 2.491818044135285
3807 1.8091175343352333
3808 3.1265352995872817
3809 2.379446371138984
3810 1.1789035047781815
3811 1.2985577065853469
3812 1.0018281535648994
3813 2.6189635629583736
3814 2.4329723438411817
3815 1.5351614868982326
3816 1.5849789451004455
3817 2.132658567288365
3818 2.580641508626554
3819 1.2678690571058027
3820 1.5529575796943256
3821 1.1268281535648994
3822 1.2018281535648994
3823 2.0922148695321106
3824 2.372025571988088
3825 1.1476614868982329
3826 1.5626718849968662
3827 1.7075159842527299
3828 1.5507671230921043
3829 1.5226502596138651
3830 1.249447201183947
3831 1.416069310325354
3832 1.451247839235665
3833 1.8061574485053127
3834 1.0018281535648994
3835 2.319823579209424
3836 2.195809264130823
3837 2.087584172032702
3838 2.4470109671254896
3839 3.0845637439066813
3840 2.3086504712629297
3841 1.4729144598780657
3842 1.8043381782141972
3843 2.8367872057915595
3844 2.035352846359699
3845 1.32720830696398
3846 2.255184227673121
3847 1.2368215126961892
3848 1.9976096715469616
3849 2.6062903190196485
3850 1.9354808588719539
3851 3.235446860576034
3852 1.2945554262921721
3853 1.507211556017267
3854 1.9433317919194866
3855 2.4738738166956664
3856 1.2625607299951502
3857 1.4141658159025619
3858 1.499292042741022
3859 1.5018281535648994
3860 2.3623686072632473
3861 1.4797572137520238
3862 1.607185296422042
3863 1.9371082090718144
3864 1.612303996013602
3865 1.0018281535648994
3866 1.0340862180810284
3867 1.6569763601548746
3868 1.0018281535648994
3869 1.601395543743408
3870 1.8328024331685762
3871 1.2815775708143162
3872 1.9462251999212392
3873 1.9156939169043463
3874 1.842967977792959
3875 1.7075159842527299
3876 1.094420746157492
3877 1.7425579623277028
3878 2.1699382201913
3879 2.2215476138954777
3880 2.2178712731288517
3881 2.115422364423208
3882 1.3927264350742994
3883 2.1247420979030687
3884 1.8235567159045802
3885 1.2018281535648994
3886 1.3043606788242847
3887 1.4414283285889151
3888 1.0340862180810284
3889 1.7426204147059976
3890 1.7766019526832695
3891 1.2028617452961656
3892 1.9545397937765394
3893 1.812444112807357
3894 1.3351614868982327
3895 1.8597826990194448
3896 1.7089955913902315
3897 1.2726721890733161
3898 1.2223638678506137
3899 2.390715818238136
3900 1.7466336389815034
3901 1.300216621126299
3902 1.9099380991748447
3903 1.6072333872708966
3904 1.800385466486624
3905 1.436351963088709
3906 2.0837064604432065
3907 1.3474694403826568
3908 2.2884569953874054
3909 1.6165828880776982
3910 2.4057869920989416
3911 1.7404362156539146
3912 1.6301908622847507
3913 1.6201144424394234
3914 2.7999077503631558
3915 2.076130170655696
3916 1.6857422069911479
3917 1.7805967137894578
3918 1.169504921241667
3919 1.7075159842527299
3920 1.8997471920950562
3921 1.4103841903214418
3922 1.4735617117687092
3923 1.9050885064101013
3924 1.5848409740777196
3925 1.965656283004147
3926 4.479965490370965
3927 1.6878731271098728
3928 1.9213815361987774
3929 2.58374247149555
3930 1.0927372444739902
3931 1.7924195514143615
3932 2.5290611655369126
3933 1.4807964075331534
3934 2.310469543571565
3935 2.5074093186185156
3936 1.0384893646941957
3937 1.648336205515018
3938 3.2170851717069233
3939 2.1416039567515357
3940 1.7931340698708156
3941 2.4685551958724368
3942 1.375281239001488
3943 1.0018281535648994
3944 1.2025038763095877
3945 1.5293486364023825
3946 3.6851856047567697
3947 1.3079178971546428
3948 1.3944706751231
3949 1.3728123516487616
3950 1.0732567249934708
3951 1.4555421582446038
3952 2.6229367535885078
3953 1.3617182634550091
3954 2.23860021350642
3955 2.584169423406169
3956 2.315252292442759
3957 2.322624436704484
3958 1.3308324825692284
3959 1.256529008265754
3960 1.5976614868982326
3961 1.0635455059799261
3962 2.194710288137146
3963 2.038233655897197
3964 1.434074720917036
3965 1.0787512304879763
3966 1.9968528785818842
3967 1.6690290082657542
3968 1.8108513800803858
3969 1.1799499285906991
3970 2.4964334715492322
3971 1.962514014831256
3972 2.6123044753288474
3973 1.8819850437827699
3974 1.423347949222626
3975 2.6401183379547253
3976 1.7159347490075678
3977 1.2397765147275466
3978 1.0018281535648994
3979 1.8035775712411122
3980 1.480997354504699
3981 1.2364660882028338
3982 1.1717123234490692
3983 1.871328025038455
3984 1.6936086042018244
3985 2.467704829613839
3986 1.128060263653484
3987 1.0169491525423728
3988 1.6209174065106269
3989 1.9819183938274036
3990 1.5169491525423728
3991 1.6763628382718478
3992 1.7669491525423728
3993 1.2745249101181302
3994 1.2391713747645952
3995 1.5902156521246618
3996 2.1017596636686733
3997 1.9542507398439604
3998 1.7507153863086065
3999 1.9426687545777643
4000 2.719041504634725
4001 1.9217110573042775
4002 2.2716009335099434
4003 1.5169491525423728
4004 1.7526995132927337
4005 1.2965648584738683
4006 2.0632676001766095
4007 1.3383777239709442
4008 1.1598062953995156
4009 1.7669491525423728
4010 1.0169491525423728
4011 1.8998116117206214
4012 1.0169491525423728
4013 1.5169491525423728
4014 1.541191576784797
4015 2.220013631922642
4016 1.0169491525423728
4017 1.7669491525423728
4018 2.4104898223988327
4019 1.5033830402920498
4020 1.6589385958476055
4021 1.9073152192242289
4022 1.9739818858908955
4023 1.0169491525423728
4024 3.268101655010665
4025 1.0169491525423728
4026 1.7669491525423728
4027 1.8013628382718483
4028 2.4868264974197176
4029 1.2669491525423728
4030 1.5169491525423728
4031 3.046819282412503
4032 1.1598062953995156
4033 1.2391713747645952
4034 1.0725047080979284
4035 1.0169491525423728
4036 1.2669491525423728
4037 1.2967110573042775
4038 1.9479376085308286
